service_id,monday,tuesday,wednesday,thursday,friday,saturday,sunday,start_date,end_date
1,1,1,1,1,1,1,1,20240609,20240615
2,1,1,1,1,1,1,1,20240609,20240615
3,1,1,1,1,1,1,1,20240609,20240615
4,1,1,1,1,1,1,1,20240609,20240615
5,1,1,1,1,1,1,1,20240609,20240615
6,1,1,1,1,1,1,1,20240609,20240615
7,1,1,1,1,1,1,1,20240609,20240615
8,1,1,1,1,1,1,1,20240609,20240615
9,1,1,1,1,1,1,1,20240609,20240615
10,1,1,1,1,1,1,1,20240609,20240615
11,1,1,1,1,1,1,1,20240609,20240615
12,1,1,1,1,1,1,1,20240609,20240615
13,1,1,1,1,1,1,1,20240609,20240615
14,1,1,1,1,1,1,1,20240609,20240615
15,1,1,1,1,1,1,1,20240609,20240615
16,1,1,1,1,1,1,1,20240609,20240615
17,1,1,1,1,1,1,1,20240609,20240615
18,1,1,1,1,1,1,1,20240609,20240615
19,1,1,1,1,1,1,1,20240609,20240615
20,1,1,1,1,1,1,1,20240609,20240615
21,1,1,1,1,1,1,1,20240609,20240615
22,1,1,1,1,1,1,1,20240609,20240615
23,1,1,1,1,1,1,1,20240609,20240615
24,1,1,1,1,1,1,1,20240609,20240615
25,1,1,1,1,1,1,1,20240609,20240615
26,1,1,1,1,1,1,1,20240609,20240615
27,1,1,1,1,1,1,1,20240609,20240615
28,1,1,1,1,1,1,1,20240609,20240615
29,1,1,1,1,1,1,1,20240609,20240615
30,1,1,1,1,1,1,1,20240609,20240615
31,1,1,1,1,1,1,1,20240609,20240615
32,1,1,1,1,1,1,1,20240609,20240615
33,1,1,1,1,1,1,1,20240609,20240615
34,1,1,1,1,1,1,1,20240609,20240615
35,1,1,1,1,1,1,1,20240609,20240615
36,1,1,1,1,1,1,1,20240609,20240615
37,1,1,1,1,1,1,1,20240609,20240615
38,1,1,1,1,1,1,1,20240609,20240615
39,1,1,1,1,1,1,1,20240609,20240615
40,1,1,1,1,1,1,1,20240609,20240615
41,1,1,1,1,1,1,1,20240609,20240615
42,1,1,1,1,1,1,1,20240609,20240615
43,1,1,1,1,1,1,1,20240609,20240615
44,1,1,1,1,1,1,1,20240609,20240615
45,1,1,1,1,1,1,1,20240609,20240615
46,1,1,1,1,1,1,1,20240609,20240615
47,1,1,1,1,1,1,1,20240609,20240615
48,1,1,1,1,1,1,1,20240609,20240615
49,1,1,1,1,1,1,1,20240609,20240615
50,1,1,1,1,1,1,1,20240609,20240615
51,1,1,1,1,1,1,1,20240609,20240615
52,1,1,1,1,1,1,1,20240609,20240615
53,1,1,1,1,1,1,1,20240609,20240615
54,1,1,1,1,1,1,1,20240609,20240615
55,1,1,1,1,1,1,1,20240609,20240615
56,1,1,1,1,1,1,1,20240609,20240615
57,1,1,1,1,1,1,1,20240609,20240615
58,1,1,1,1,1,1,1,20240609,20240615
59,1,1,1,1,1,1,1,20240609,20240615
60,1,1,1,1,1,1,1,20240609,20240615
61,1,1,1,1,1,1,1,20240609,20240615
62,1,1,1,1,1,1,1,20240609,20240615
63,1,1,1,1,1,1,1,20240609,20240615
64,1,1,1,1,1,1,1,20240609,20240615
65,1,1,1,1,1,1,1,20240609,20240615
66,1,1,1,1,1,1,1,20240609,20240615
67,1,1,1,1,1,1,1,20240609,20240615
68,1,1,1,1,1,1,1,20240609,20240615
69,1,1,1,1,1,1,1,20240609,20240615
70,1,1,1,1,1,1,1,20240609,20240615
71,1,1,1,1,1,1,1,20240609,20240615
72,1,1,1,1,1,1,1,20240609,20240615
73,1,1,1,1,1,1,1,20240609,20240615
74,1,1,1,1,1,1,1,20240609,20240615
75,1,1,1,1,1,1,1,20240609,20240615
76,1,1,1,1,1,1,1,20240609,20240615
77,1,1,1,1,1,1,1,20240609,20240615
78,1,1,1,1,1,1,1,20240609,20240615
79,1,1,1,1,1,1,1,20240609,20240615
80,1,1,1,1,1,1,1,20240609,20240615
81,1,1,1,1,1,1,1,20240609,20240615
82,1,1,1,1,1,1,1,20240609,20240615
83,1,1,1,1,1,1,1,20240609,20240615
84,1,1,1,1,1,1,1,20240609,20240615
85,1,1,1,1,1,1,1,20240609,20240615
86,1,1,1,1,1,1,1,20240609,20240615
87,1,1,1,1,1,1,1,20240609,20240615
88,1,1,1,1,1,1,1,20240609,20240615
89,1,1,1,1,1,1,1,20240609,20240615
90,1,1,1,1,1,1,1,20240609,20240615
91,1,1,1,1,1,1,1,20240609,20240615
92,1,1,1,1,1,1,1,20240609,20240615
93,1,1,1,1,1,1,1,20240609,20240615
94,1,1,1,1,1,1,1,20240609,20240615
95,1,1,1,1,1,1,1,20240609,20240615
96,1,1,1,1,1,1,1,20240609,20240615
97,1,1,1,1,1,1,1,20240609,20240615
98,1,1,1,1,1,1,1,20240609,20240615
99,1,1,1,1,1,1,1,20240609,20240615
100,1,1,1,1,1,1,1,20240609,20240615
101,1,1,1,1,1,1,1,20240609,20240615
102,1,1,1,1,1,1,1,20240609,20240615
103,1,1,1,1,1,1,1,20240609,20240615
104,1,1,1,1,1,1,1,20240609,20240615
105,1,1,1,1,1,1,1,20240609,20240615
106,1,1,1,1,1,1,1,20240609,20240615
107,1,1,1,1,1,1,1,20240609,20240615
108,1,1,1,1,1,1,1,20240609,20240615
109,1,1,1,1,1,1,1,20240609,20240615
110,1,1,1,1,1,1,1,20240609,20240615
111,1,1,1,1,1,1,1,20240609,20240615
112,1,1,1,1,1,1,1,20240609,20240615
113,1,1,1,1,1,1,1,20240609,20240615
114,1,1,1,1,1,1,1,20240609,20240615
115,1,1,1,1,1,1,1,20240609,20240615
116,1,1,1,1,1,1,1,20240609,20240615
117,1,1,1,1,1,1,1,20240609,20240615
118,1,1,1,1,1,1,1,20240609,20240615
119,1,1,1,1,1,1,1,20240609,20240615
120,1,1,1,1,1,1,1,20240609,20240615
121,1,1,1,1,1,1,1,20240609,20240615
122,1,1,1,1,1,1,1,20240609,20240615
123,1,1,1,1,1,1,1,20240609,20240615
124,1,1,1,1,1,1,1,20240609,20240615
125,1,1,1,1,1,1,1,20240609,20240615
126,1,1,1,1,1,1,1,20240609,20240615
127,1,1,1,1,1,1,1,20240609,20240615
128,1,1,1,1,1,1,1,20240609,20240615
129,1,1,1,1,1,1,1,20240609,20240615
130,1,1,1,1,1,1,1,20240609,20240615
131,1,1,1,1,1,1,1,20240609,20240615
132,1,1,1,1,1,1,1,20240609,20240615
133,1,1,1,1,1,1,1,20240609,20240615
134,1,1,1,1,1,1,1,20240609,20240615
135,1,1,1,1,1,1,1,20240609,20240615
136,1,1,1,1,1,1,1,20240609,20240615
137,1,1,1,1,1,1,1,20240609,20240615
138,1,1,1,1,1,1,1,20240609,20240615
139,1,1,1,1,1,1,1,20240609,20240615
140,1,1,1,1,1,1,1,20240609,20240615
141,1,1,1,1,1,1,1,20240609,20240615
142,1,1,1,1,1,1,1,20240609,20240615
143,1,1,1,1,1,1,1,20240609,20240615
144,1,1,1,1,1,1,1,20240609,20240615
145,1,1,1,1,1,1,1,20240609,20240615
146,1,1,1,1,1,1,1,20240609,20240615
147,1,1,1,1,1,1,1,20240609,20240615
148,1,1,1,1,1,1,1,20240609,20240615
149,1,1,1,1,1,1,1,20240609,20240615
150,1,1,1,1,1,1,1,20240609,20240615
151,1,1,1,1,1,1,1,20240609,20240615
152,1,1,1,1,1,1,1,20240609,20240615
153,1,1,1,1,1,1,1,20240609,20240615
154,1,1,1,1,1,1,1,20240609,20240615
155,1,1,1,1,1,1,1,20240609,20240615
156,1,1,1,1,1,1,1,20240609,20240615
157,1,1,1,1,1,1,1,20240609,20240615
158,1,1,1,1,1,1,1,20240609,20240615
159,1,1,1,1,1,1,1,20240609,20240615
160,1,1,1,1,1,1,1,20240609,20240615
161,1,1,1,1,1,1,1,20240609,20240615
162,1,1,1,1,1,1,1,20240609,20240615
163,1,1,1,1,1,1,1,20240609,20240615
164,1,1,1,1,1,1,1,20240609,20240615
165,1,1,1,1,1,1,1,20240609,20240615
166,1,1,1,1,1,1,1,20240609,20240615
167,1,1,1,1,1,1,1,20240609,20240615
168,1,1,1,1,1,1,1,20240609,20240615
169,1,1,1,1,1,1,1,20240609,20240615
170,1,1,1,1,1,1,1,20240609,20240615
171,1,1,1,1,1,1,1,20240609,20240615
172,1,1,1,1,1,1,1,20240609,20240615
173,1,1,1,1,1,1,1,20240609,20240615
174,1,1,1,1,1,1,1,20240609,20240615
175,1,1,1,1,1,1,1,20240609,20240615
176,1,1,1,1,1,1,1,20240609,20240615
177,1,1,1,1,1,1,1,20240609,20240615
178,1,1,1,1,1,1,1,20240609,20240615
179,1,1,1,1,1,1,1,20240609,20240615
180,1,1,1,1,1,1,1,20240609,20240615
181,1,1,1,1,1,1,1,20240609,20240615
182,1,1,1,1,1,1,1,20240609,20240615
183,1,1,1,1,1,1,1,20240609,20240615
184,1,1,1,1,1,1,1,20240609,20240615
185,1,1,1,1,1,1,1,20240609,20240615
186,1,1,1,1,1,1,1,20240609,20240615
187,1,1,1,1,1,1,1,20240609,20240615
188,1,1,1,1,1,1,1,20240609,20240615
189,1,1,1,1,1,1,1,20240609,20240615
190,1,1,1,1,1,1,1,20240609,20240615
191,1,1,1,1,1,1,1,20240609,20240615
192,1,1,1,1,1,1,1,20240609,20240615
193,1,1,1,1,1,1,1,20240609,20240615
194,1,1,1,1,1,1,1,20240609,20240615
195,1,1,1,1,1,1,1,20240609,20240615
196,1,1,1,1,1,1,1,20240609,20240615
197,1,1,1,1,1,1,1,20240609,20240615
198,1,1,1,1,1,1,1,20240609,20240615
199,1,1,1,1,1,1,1,20240609,20240615
200,1,1,1,1,1,1,1,20240609,20240615
201,1,1,1,1,1,1,1,20240609,20240615
202,1,1,1,1,1,1,1,20240609,20240615
203,1,1,1,1,1,1,1,20240609,20240615
204,1,1,1,1,1,1,1,20240609,20240615
205,1,1,1,1,1,1,1,20240609,20240615
206,1,1,1,1,1,1,1,20240609,20240615
207,1,1,1,1,1,1,1,20240609,20240615
208,1,1,1,1,1,1,1,20240609,20240615
209,1,1,1,1,1,1,1,20240609,20240615
210,1,1,1,1,1,1,1,20240609,20240615
211,1,1,1,1,1,1,1,20240609,20240615
212,1,1,1,1,1,1,1,20240609,20240615
213,1,1,1,1,1,1,1,20240609,20240615
214,1,1,1,1,1,1,1,20240609,20240615
215,1,1,1,1,1,1,1,20240609,20240615
216,1,1,1,1,1,1,1,20240609,20240615
217,1,1,1,1,1,1,1,20240609,20240615
218,1,1,1,1,1,1,1,20240609,20240615
219,1,1,1,1,1,1,1,20240609,20240615
220,1,1,1,1,1,1,1,20240609,20240615
221,1,1,1,1,1,1,1,20240609,20240615
222,1,1,1,1,1,1,1,20240609,20240615
223,1,1,1,1,1,1,1,20240609,20240615
224,1,1,1,1,1,1,1,20240609,20240615
225,1,1,1,1,1,1,1,20240609,20240615
226,1,1,1,1,1,1,1,20240609,20240615
227,1,1,1,1,1,1,1,20240609,20240615
228,1,1,1,1,1,1,1,20240609,20240615
229,1,1,1,1,1,1,1,20240609,20240615
230,1,1,1,1,1,1,1,20240609,20240615
231,1,1,1,1,1,1,1,20240609,20240615
232,1,1,1,1,1,1,1,20240609,20240615
233,1,1,1,1,1,1,1,20240609,20240615
234,1,1,1,1,1,1,1,20240609,20240615
235,1,1,1,1,1,1,1,20240609,20240615
236,1,1,1,1,1,1,1,20240609,20240615
237,1,1,1,1,1,1,1,20240609,20240615
238,1,1,1,1,1,1,1,20240609,20240615
239,1,1,1,1,1,1,1,20240609,20240615
240,1,1,1,1,1,1,1,20240609,20240615
241,1,1,1,1,1,1,1,20240609,20240615
242,1,1,1,1,1,1,1,20240609,20240615
243,1,1,1,1,1,1,1,20240609,20240615
244,1,1,1,1,1,1,1,20240609,20240615
245,1,1,1,1,1,1,1,20240609,20240615
246,1,1,1,1,1,1,1,20240609,20240615
247,1,1,1,1,1,1,1,20240609,20240615
248,1,1,1,1,1,1,1,20240609,20240615
249,1,1,1,1,1,1,1,20240609,20240615
250,1,1,1,1,1,1,1,20240609,20240615
251,1,1,1,1,1,1,1,20240609,20240615
252,1,1,1,1,1,1,1,20240609,20240615
253,1,1,1,1,1,1,1,20240609,20240615
254,1,1,1,1,1,1,1,20240609,20240615
255,1,1,1,1,1,1,1,20240609,20240615
256,1,1,1,1,1,1,1,20240609,20240615
257,1,1,1,1,1,1,1,20240609,20240615
258,1,1,1,1,1,1,1,20240609,20240615
259,1,1,1,1,1,1,1,20240609,20240615
260,1,1,1,1,1,1,1,20240609,20240615
261,1,1,1,1,1,1,1,20240609,20240615
262,1,1,1,1,1,1,1,20240609,20240615
263,1,1,1,1,1,1,1,20240609,20240615
264,1,1,1,1,1,1,1,20240609,20240615
265,1,1,1,1,1,1,1,20240609,20240615
266,1,1,1,1,1,1,1,20240609,20240615
267,1,1,1,1,1,1,1,20240609,20240615
268,1,1,1,1,1,1,1,20240609,20240615
269,1,1,1,1,1,1,1,20240609,20240615
270,1,1,1,1,1,1,1,20240609,20240615
271,1,1,1,1,1,1,1,20240609,20240615
272,1,1,1,1,1,1,1,20240609,20240615
273,1,1,1,1,1,1,1,20240609,20240615
274,1,1,1,1,1,1,1,20240609,20240615
275,1,1,1,1,1,1,1,20240609,20240615
276,1,1,1,1,1,1,1,20240609,20240615
277,1,1,1,1,1,1,1,20240609,20240615
278,1,1,1,1,1,1,1,20240609,20240615
279,1,1,1,1,1,1,1,20240609,20240615
280,1,1,1,1,1,1,1,20240609,20240615
281,1,1,1,1,1,1,1,20240609,20240615
282,1,1,1,1,1,1,1,20240609,20240615
283,1,1,1,1,1,1,1,20240609,20240615
284,1,1,1,1,1,1,1,20240609,20240615
285,1,1,1,1,1,1,1,20240609,20240615
286,1,1,1,1,1,1,1,20240609,20240615
287,1,1,1,1,1,1,1,20240609,20240615
288,1,1,1,1,1,1,1,20240609,20240615
289,1,1,1,1,1,1,1,20240609,20240615
290,1,1,1,1,1,1,1,20240609,20240615
291,1,1,1,1,1,1,1,20240609,20240615
292,1,1,1,1,1,1,1,20240609,20240615
293,1,1,1,1,1,1,1,20240609,20240615
294,1,1,1,1,1,1,1,20240609,20240615
295,1,1,1,1,1,1,1,20240609,20240615
296,1,1,1,1,1,1,1,20240609,20240615
297,1,1,1,1,1,1,1,20240609,20240615
298,1,1,1,1,1,1,1,20240609,20240615
299,1,1,1,1,1,1,1,20240609,20240615
300,1,1,1,1,1,1,1,20240609,20240615
301,1,1,1,1,1,1,1,20240609,20240615
302,1,1,1,1,1,1,1,20240609,20240615
303,1,1,1,1,1,1,1,20240609,20240615
304,1,1,1,1,1,1,1,20240609,20240615
305,1,1,1,1,1,1,1,20240609,20240615
306,1,1,1,1,1,1,1,20240609,20240615
307,1,1,1,1,1,1,1,20240609,20240615
308,1,1,1,1,1,1,1,20240609,20240615
309,1,1,1,1,1,1,1,20240609,20240615
310,1,1,1,1,1,1,1,20240609,20240615
311,1,1,1,1,1,1,1,20240609,20240615
312,1,1,1,1,1,1,1,20240609,20240615
313,1,1,1,1,1,1,1,20240609,20240615
314,1,1,1,1,1,1,1,20240609,20240615
315,1,1,1,1,1,1,1,20240609,20240615
316,1,1,1,1,1,1,1,20240609,20240615
317,1,1,1,1,1,1,1,20240609,20240615
318,1,1,1,1,1,1,1,20240609,20240615
319,1,1,1,1,1,1,1,20240609,20240615
320,1,1,1,1,1,1,1,20240609,20240615
321,1,1,1,1,1,1,1,20240609,20240615
322,1,1,1,1,1,1,1,20240609,20240615
323,1,1,1,1,1,1,1,20240609,20240615
324,1,1,1,1,1,1,1,20240609,20240615
325,1,1,1,1,1,1,1,20240609,20240615
326,1,1,1,1,1,1,1,20240609,20240615
327,1,1,1,1,1,1,1,20240609,20240615
328,1,1,1,1,1,1,1,20240609,20240615
329,1,1,1,1,1,1,1,20240609,20240615
330,1,1,1,1,1,1,1,20240609,20240615
331,1,1,1,1,1,1,1,20240609,20240615
332,1,1,1,1,1,1,1,20240609,20240615
333,1,1,1,1,1,1,1,20240609,20240615
334,1,1,1,1,1,1,1,20240609,20240615
335,1,1,1,1,1,1,1,20240609,20240615
336,1,1,1,1,1,1,1,20240609,20240615
337,1,1,1,1,1,1,1,20240609,20240615
338,1,1,1,1,1,1,1,20240609,20240615
339,1,1,1,1,1,1,1,20240609,20240615
340,1,1,1,1,1,1,1,20240609,20240615
341,1,1,1,1,1,1,1,20240609,20240615
342,1,1,1,1,1,1,1,20240609,20240615
343,1,1,1,1,1,1,1,20240609,20240615
344,1,1,1,1,1,1,1,20240609,20240615
345,1,1,1,1,1,1,1,20240609,20240615
346,1,1,1,1,1,1,1,20240609,20240615
347,1,1,1,1,1,1,1,20240609,20240615
348,1,1,1,1,1,1,1,20240609,20240615
349,1,1,1,1,1,1,1,20240609,20240615
350,1,1,1,1,1,1,1,20240609,20240615
351,1,1,1,1,1,1,1,20240609,20240615
352,1,1,1,1,1,1,1,20240609,20240615
353,1,1,1,1,1,1,1,20240609,20240615
354,1,1,1,1,1,1,1,20240609,20240615
355,1,1,1,1,1,1,1,20240609,20240615
356,1,1,1,1,1,1,1,20240609,20240615
357,1,1,1,1,1,1,1,20240609,20240615
358,1,1,1,1,1,1,1,20240609,20240615
359,1,1,1,1,1,1,1,20240609,20240615
360,1,1,1,1,1,1,1,20240609,20240615
361,1,1,1,1,1,1,1,20240609,20240615
362,1,1,1,1,1,1,1,20240609,20240615
363,1,1,1,1,1,1,1,20240609,20240615
364,1,1,1,1,1,1,1,20240609,20240615
365,1,1,1,1,1,1,1,20240609,20240615
366,1,1,1,1,1,1,1,20240609,20240615
367,1,1,1,1,1,1,1,20240609,20240615
368,1,1,1,1,1,1,1,20240609,20240615
369,1,1,1,1,1,1,1,20240609,20240615
370,1,1,1,1,1,1,1,20240609,20240615
371,1,1,1,1,1,1,1,20240609,20240615
372,1,1,1,1,1,1,1,20240609,20240615
373,1,1,1,1,1,1,1,20240609,20240615
374,1,1,1,1,1,1,1,20240609,20240615
375,1,1,1,1,1,1,1,20240609,20240615
376,1,1,1,1,1,1,1,20240609,20240615
377,1,1,1,1,1,1,1,20240609,20240615
378,1,1,1,1,1,1,1,20240609,20240615
379,1,1,1,1,1,1,1,20240609,20240615
380,1,1,1,1,1,1,1,20240609,20240615
381,1,1,1,1,1,1,1,20240609,20240615
382,1,1,1,1,1,1,1,20240609,20240615
383,1,1,1,1,1,1,1,20240609,20240615
384,1,1,1,1,1,1,1,20240609,20240615
385,1,1,1,1,1,1,1,20240609,20240615
386,1,1,1,1,1,1,1,20240609,20240615
387,1,1,1,1,1,1,1,20240609,20240615
388,1,1,1,1,1,1,1,20240609,20240615
389,1,1,1,1,1,1,1,20240609,20240615
390,1,1,1,1,1,1,1,20240609,20240615
391,1,1,1,1,1,1,1,20240609,20240615
392,1,1,1,1,1,1,1,20240609,20240615
393,1,1,1,1,1,1,1,20240609,20240615
394,1,1,1,1,1,1,1,20240609,20240615
395,1,1,1,1,1,1,1,20240609,20240615
396,1,1,1,1,1,1,1,20240609,20240615
397,1,1,1,1,1,1,1,20240609,20240615
398,1,1,1,1,1,1,1,20240609,20240615
399,1,1,1,1,1,1,1,20240609,20240615
400,1,1,1,1,1,1,1,20240609,20240615
401,1,1,1,1,1,1,1,20240609,20240615
402,1,1,1,1,1,1,1,20240609,20240615
403,1,1,1,1,1,1,1,20240609,20240615
404,1,1,1,1,1,1,1,20240609,20240615
405,1,1,1,1,1,1,1,20240609,20240615
406,1,1,1,1,1,1,1,20240609,20240615
407,1,1,1,1,1,1,1,20240609,20240615
408,1,1,1,1,1,1,1,20240609,20240615
409,1,1,1,1,1,1,1,20240609,20240615
410,1,1,1,1,1,1,1,20240609,20240615
411,1,1,1,1,1,1,1,20240609,20240615
412,1,1,1,1,1,1,1,20240609,20240615
413,1,1,1,1,1,1,1,20240609,20240615
414,1,1,1,1,1,1,1,20240609,20240615
415,1,1,1,1,1,1,1,20240609,20240615
416,1,1,1,1,1,1,1,20240609,20240615
417,1,1,1,1,1,1,1,20240609,20240615
418,1,1,1,1,1,1,1,20240609,20240615
419,1,1,1,1,1,1,1,20240609,20240615
420,1,1,1,1,1,1,1,20240609,20240615
421,1,1,1,1,1,1,1,20240609,20240615
422,1,1,1,1,1,1,1,20240609,20240615
423,1,1,1,1,1,1,1,20240609,20240615
424,1,1,1,1,1,1,1,20240609,20240615
425,1,1,1,1,1,1,1,20240609,20240615
426,1,1,1,1,1,1,1,20240609,20240615
427,1,1,1,1,1,1,1,20240609,20240615
428,1,1,1,1,1,1,1,20240609,20240615
429,1,1,1,1,1,1,1,20240609,20240615
430,1,1,1,1,1,1,1,20240609,20240615
431,1,1,1,1,1,1,1,20240609,20240615
432,1,1,1,1,1,1,1,20240609,20240615
433,1,1,1,1,1,1,1,20240609,20240615
434,1,1,1,1,1,1,1,20240609,20240615
435,1,1,1,1,1,1,1,20240609,20240615
436,1,1,1,1,1,1,1,20240609,20240615
437,1,1,1,1,1,1,1,20240609,20240615
438,1,1,1,1,1,1,1,20240609,20240615
439,1,1,1,1,1,1,1,20240609,20240615
440,1,1,1,1,1,1,1,20240609,20240615
441,1,1,1,1,1,1,1,20240609,20240615
442,1,1,1,1,1,1,1,20240609,20240615
443,1,1,1,1,1,1,1,20240609,20240615
444,1,1,1,1,1,1,1,20240609,20240615
445,1,1,1,1,1,1,1,20240609,20240615
446,1,1,1,1,1,1,1,20240609,20240615
447,1,1,1,1,1,1,1,20240609,20240615
448,1,1,1,1,1,1,1,20240609,20240615
449,1,1,1,1,1,1,1,20240609,20240615
450,1,1,1,1,1,1,1,20240609,20240615
451,1,1,1,1,1,1,1,20240609,20240615
452,1,1,1,1,1,1,1,20240609,20240615
453,1,1,1,1,1,1,1,20240609,20240615
454,1,1,1,1,1,1,1,20240609,20240615
455,1,1,1,1,1,1,1,20240609,20240615
456,1,1,1,1,1,1,1,20240609,20240615
457,1,1,1,1,1,1,1,20240609,20240615
458,1,1,1,1,1,1,1,20240609,20240615
459,1,1,1,1,1,1,1,20240609,20240615
460,1,1,1,1,1,1,1,20240609,20240615
461,1,1,1,1,1,1,1,20240609,20240615
462,1,1,1,1,1,1,1,20240609,20240615
463,1,1,1,1,1,1,1,20240609,20240615
464,1,1,1,1,1,1,1,20240609,20240615
465,1,1,1,1,1,1,1,20240609,20240615
466,1,1,1,1,1,1,1,20240609,20240615
467,1,1,1,1,1,1,1,20240609,20240615
468,1,1,1,1,1,1,1,20240609,20240615
469,1,1,1,1,1,1,1,20240609,20240615
470,1,1,1,1,1,1,1,20240609,20240615
471,1,1,1,1,1,1,1,20240609,20240615
472,1,1,1,1,1,1,1,20240609,20240615
473,1,1,1,1,1,1,1,20240609,20240615
474,1,1,1,1,1,1,1,20240609,20240615
475,1,1,1,1,1,1,1,20240609,20240615
476,1,1,1,1,1,1,1,20240609,20240615
477,1,1,1,1,1,1,1,20240609,20240615
478,1,1,1,1,1,1,1,20240609,20240615
479,1,1,1,1,1,1,1,20240609,20240615
480,1,1,1,1,1,1,1,20240609,20240615
481,1,1,1,1,1,1,1,20240609,20240615
482,1,1,1,1,1,1,1,20240609,20240615
483,1,1,1,1,1,1,1,20240609,20240615
484,1,1,1,1,1,1,1,20240609,20240615
485,1,1,1,1,1,1,1,20240609,20240615
486,1,1,1,1,1,1,1,20240609,20240615
487,1,1,1,1,1,1,1,20240609,20240615
488,1,1,1,1,1,1,1,20240609,20240615
489,1,1,1,1,1,1,1,20240609,20240615
490,1,1,1,1,1,1,1,20240609,20240615
491,1,1,1,1,1,1,1,20240609,20240615
492,1,1,1,1,1,1,1,20240609,20240615
493,1,1,1,1,1,1,1,20240609,20240615
494,1,1,1,1,1,1,1,20240609,20240615
495,1,1,1,1,1,1,1,20240609,20240615
496,1,1,1,1,1,1,1,20240609,20240615
497,1,1,1,1,1,1,1,20240609,20240615
498,1,1,1,1,1,1,1,20240609,20240615
499,1,1,1,1,1,1,1,20240609,20240615
500,1,1,1,1,1,1,1,20240609,20240615
501,1,1,1,1,1,1,1,20240609,20240615
502,1,1,1,1,1,1,1,20240609,20240615
503,1,1,1,1,1,1,1,20240609,20240615
504,1,1,1,1,1,1,1,20240609,20240615
505,1,1,1,1,1,1,1,20240609,20240615
506,1,1,1,1,1,1,1,20240609,20240615
507,1,1,1,1,1,1,1,20240609,20240615
508,1,1,1,1,1,1,1,20240609,20240615
509,1,1,1,1,1,1,1,20240609,20240615
510,1,1,1,1,1,1,1,20240609,20240615
511,1,1,1,1,1,1,1,20240609,20240615
512,1,1,1,1,1,1,1,20240609,20240615
513,1,1,1,1,1,1,1,20240609,20240615
514,1,1,1,1,1,1,1,20240609,20240615
515,1,1,1,1,1,1,1,20240609,20240615
516,1,1,1,1,1,1,1,20240609,20240615
517,1,1,1,1,1,1,1,20240609,20240615
518,1,1,1,1,1,1,1,20240609,20240615
519,1,1,1,1,1,1,1,20240609,20240615
520,1,1,1,1,1,1,1,20240609,20240615
521,1,1,1,1,1,1,1,20240609,20240615
522,1,1,1,1,1,1,1,20240609,20240615
523,1,1,1,1,1,1,1,20240609,20240615
524,1,1,1,1,1,1,1,20240609,20240615
525,1,1,1,1,1,1,1,20240609,20240615
526,1,1,1,1,1,1,1,20240609,20240615
527,1,1,1,1,1,1,1,20240609,20240615
528,1,1,1,1,1,1,1,20240609,20240615
529,1,1,1,1,1,1,1,20240609,20240615
530,1,1,1,1,1,1,1,20240609,20240615
531,1,1,1,1,1,1,1,20240609,20240615
532,1,1,1,1,1,1,1,20240609,20240615
533,1,1,1,1,1,1,1,20240609,20240615
534,1,1,1,1,1,1,1,20240609,20240615
535,1,1,1,1,1,1,1,20240609,20240615
536,1,1,1,1,1,1,1,20240609,20240615
537,1,1,1,1,1,1,1,20240609,20240615
538,1,1,1,1,1,1,1,20240609,20240615
539,1,1,1,1,1,1,1,20240609,20240615
540,1,1,1,1,1,1,1,20240609,20240615
541,1,1,1,1,1,1,1,20240609,20240615
542,1,1,1,1,1,1,1,20240609,20240615
543,1,1,1,1,1,1,1,20240609,20240615
544,1,1,1,1,1,1,1,20240609,20240615
545,1,1,1,1,1,1,1,20240609,20240615
546,1,1,1,1,1,1,1,20240609,20240615
547,1,1,1,1,1,1,1,20240609,20240615
548,1,1,1,1,1,1,1,20240609,20240615
549,1,1,1,1,1,1,1,20240609,20240615
550,1,1,1,1,1,1,1,20240609,20240615
551,1,1,1,1,1,1,1,20240609,20240615
552,1,1,1,1,1,1,1,20240609,20240615
553,1,1,1,1,1,1,1,20240609,20240615
554,1,1,1,1,1,1,1,20240609,20240615
555,1,1,1,1,1,1,1,20240609,20240615
556,1,1,1,1,1,1,1,20240609,20240615
557,1,1,1,1,1,1,1,20240609,20240615
558,1,1,1,1,1,1,1,20240609,20240615
559,1,1,1,1,1,1,1,20240609,20240615
560,1,1,1,1,1,1,1,20240609,20240615
561,1,1,1,1,1,1,1,20240609,20240615
562,1,1,1,1,1,1,1,20240609,20240615
563,1,1,1,1,1,1,1,20240609,20240615
564,1,1,1,1,1,1,1,20240609,20240615
565,1,1,1,1,1,1,1,20240609,20240615
566,1,1,1,1,1,1,1,20240609,20240615
567,1,1,1,1,1,1,1,20240609,20240615
568,1,1,1,1,1,1,1,20240609,20240615
569,1,1,1,1,1,1,1,20240609,20240615
570,1,1,1,1,1,1,1,20240609,20240615
571,1,1,1,1,1,1,1,20240609,20240615
572,1,1,1,1,1,1,1,20240609,20240615
573,1,1,1,1,1,1,1,20240609,20240615
574,1,1,1,1,1,1,1,20240609,20240615
575,1,1,1,1,1,1,1,20240609,20240615
576,1,1,1,1,1,1,1,20240609,20240615
577,1,1,1,1,1,1,1,20240609,20240615
578,1,1,1,1,1,1,1,20240609,20240615
579,1,1,1,1,1,1,1,20240609,20240615
580,1,1,1,1,1,1,1,20240609,20240615
581,1,1,1,1,1,1,1,20240609,20240615
582,1,1,1,1,1,1,1,20240609,20240615
583,1,1,1,1,1,1,1,20240609,20240615
584,1,1,1,1,1,1,1,20240609,20240615
585,1,1,1,1,1,1,1,20240609,20240615
586,1,1,1,1,1,1,1,20240609,20240615
587,1,1,1,1,1,1,1,20240609,20240615
588,1,1,1,1,1,1,1,20240609,20240615
589,1,1,1,1,1,1,1,20240609,20240615
590,1,1,1,1,1,1,1,20240609,20240615
591,1,1,1,1,1,1,1,20240609,20240615
592,1,1,1,1,1,1,1,20240609,20240615
593,1,1,1,1,1,1,1,20240609,20240615
594,1,1,1,1,1,1,1,20240609,20240615
595,1,1,1,1,1,1,1,20240609,20240615
596,1,1,1,1,1,1,1,20240609,20240615
597,1,1,1,1,1,1,1,20240609,20240615
598,1,1,1,1,1,1,1,20240609,20240615
599,1,1,1,1,1,1,1,20240609,20240615
600,1,1,1,1,1,1,1,20240609,20240615
601,1,1,1,1,1,1,1,20240609,20240615
602,1,1,1,1,1,1,1,20240609,20240615
603,1,1,1,1,1,1,1,20240609,20240615
604,1,1,1,1,1,1,1,20240609,20240615
605,1,1,1,1,1,1,1,20240609,20240615
606,1,1,1,1,1,1,1,20240609,20240615
607,1,1,1,1,1,1,1,20240609,20240615
608,1,1,1,1,1,1,1,20240609,20240615
609,1,1,1,1,1,1,1,20240609,20240615
610,1,1,1,1,1,1,1,20240609,20240615
611,1,1,1,1,1,1,1,20240609,20240615
612,1,1,1,1,1,1,1,20240609,20240615
613,1,1,1,1,1,1,1,20240609,20240615
614,1,1,1,1,1,1,1,20240609,20240615
615,1,1,1,1,1,1,1,20240609,20240615
616,1,1,1,1,1,1,1,20240609,20240615
617,1,1,1,1,1,1,1,20240609,20240615
618,1,1,1,1,1,1,1,20240609,20240615
619,1,1,1,1,1,1,1,20240609,20240615
620,1,1,1,1,1,1,1,20240609,20240615
621,1,1,1,1,1,1,1,20240609,20240615
622,1,1,1,1,1,1,1,20240609,20240615
623,1,1,1,1,1,1,1,20240609,20240615
624,1,1,1,1,1,1,1,20240609,20240615
625,1,1,1,1,1,1,1,20240609,20240615
626,1,1,1,1,1,1,1,20240609,20240615
627,1,1,1,1,1,1,1,20240609,20240615
628,1,1,1,1,1,1,1,20240609,20240615
629,1,1,1,1,1,1,1,20240609,20240615
630,1,1,1,1,1,1,1,20240609,20240615
631,1,1,1,1,1,1,1,20240609,20240615
632,1,1,1,1,1,1,1,20240609,20240615
633,1,1,1,1,1,1,1,20240609,20240615
634,1,1,1,1,1,1,1,20240609,20240615
635,1,1,1,1,1,1,1,20240609,20240615
636,1,1,1,1,1,1,1,20240609,20240615
637,1,1,1,1,1,1,1,20240609,20240615
638,1,1,1,1,1,1,1,20240609,20240615
639,1,1,1,1,1,1,1,20240609,20240615
640,1,1,1,1,1,1,1,20240609,20240615
641,1,1,1,1,1,1,1,20240609,20240615
642,1,1,1,1,1,1,1,20240609,20240615
643,1,1,1,1,1,1,1,20240609,20240615
644,1,1,1,1,1,1,1,20240609,20240615
645,1,1,1,1,1,1,1,20240609,20240615
646,1,1,1,1,1,1,1,20240609,20240615
647,1,1,1,1,1,1,1,20240609,20240615
648,1,1,1,1,1,1,1,20240609,20240615
649,1,1,1,1,1,1,1,20240609,20240615
650,1,1,1,1,1,1,1,20240609,20240615
651,1,1,1,1,1,1,1,20240609,20240615
652,1,1,1,1,1,1,1,20240609,20240615
653,1,1,1,1,1,1,1,20240609,20240615
654,1,1,1,1,1,1,1,20240609,20240615
655,1,1,1,1,1,1,1,20240609,20240615
656,1,1,1,1,1,1,1,20240609,20240615
657,1,1,1,1,1,1,1,20240609,20240615
658,1,1,1,1,1,1,1,20240609,20240615
659,1,1,1,1,1,1,1,20240609,20240615
660,1,1,1,1,1,1,1,20240609,20240615
661,1,1,1,1,1,1,1,20240609,20240615
662,1,1,1,1,1,1,1,20240609,20240615
663,1,1,1,1,1,1,1,20240609,20240615
664,1,1,1,1,1,1,1,20240609,20240615
665,1,1,1,1,1,1,1,20240609,20240615
666,1,1,1,1,1,1,1,20240609,20240615
667,1,1,1,1,1,1,1,20240609,20240615
668,1,1,1,1,1,1,1,20240609,20240615
669,1,1,1,1,1,1,1,20240609,20240615
670,1,1,1,1,1,1,1,20240609,20240615
671,1,1,1,1,1,1,1,20240609,20240615
672,1,1,1,1,1,1,1,20240609,20240615
673,1,1,1,1,1,1,1,20240609,20240615
674,1,1,1,1,1,1,1,20240609,20240615
675,1,1,1,1,1,1,1,20240609,20240615
676,1,1,1,1,1,1,1,20240609,20240615
677,1,1,1,1,1,1,1,20240609,20240615
678,1,1,1,1,1,1,1,20240609,20240615
679,1,1,1,1,1,1,1,20240609,20240615
680,1,1,1,1,1,1,1,20240609,20240615
681,1,1,1,1,1,1,1,20240609,20240615
682,1,1,1,1,1,1,1,20240609,20240615
683,1,1,1,1,1,1,1,20240609,20240615
684,1,1,1,1,1,1,1,20240609,20240615
685,1,1,1,1,1,1,1,20240609,20240615
686,1,1,1,1,1,1,1,20240609,20240615
687,1,1,1,1,1,1,1,20240609,20240615
688,1,1,1,1,1,1,1,20240609,20240615
689,1,1,1,1,1,1,1,20240609,20240615
690,1,1,1,1,1,1,1,20240609,20240615
691,1,1,1,1,1,1,1,20240609,20240615
692,1,1,1,1,1,1,1,20240609,20240615
693,1,1,1,1,1,1,1,20240609,20240615
694,1,1,1,1,1,1,1,20240609,20240615
695,1,1,1,1,1,1,1,20240609,20240615
696,1,1,1,1,1,1,1,20240609,20240615
697,1,1,1,1,1,1,1,20240609,20240615
698,1,1,1,1,1,1,1,20240609,20240615
699,1,1,1,1,1,1,1,20240609,20240615
700,1,1,1,1,1,1,1,20240609,20240615
701,1,1,1,1,1,1,1,20240609,20240615
702,1,1,1,1,1,1,1,20240609,20240615
703,1,1,1,1,1,1,1,20240609,20240615
704,1,1,1,1,1,1,1,20240609,20240615
705,1,1,1,1,1,1,1,20240609,20240615
706,1,1,1,1,1,1,1,20240609,20240615
707,1,1,1,1,1,1,1,20240609,20240615
708,1,1,1,1,1,1,1,20240609,20240615
709,1,1,1,1,1,1,1,20240609,20240615
710,1,1,1,1,1,1,1,20240609,20240615
711,1,1,1,1,1,1,1,20240609,20240615
712,1,1,1,1,1,1,1,20240609,20240615
713,1,1,1,1,1,1,1,20240609,20240615
714,1,1,1,1,1,1,1,20240609,20240615
715,1,1,1,1,1,1,1,20240609,20240615
716,1,1,1,1,1,1,1,20240609,20240615
717,1,1,1,1,1,1,1,20240609,20240615
718,1,1,1,1,1,1,1,20240609,20240615
719,1,1,1,1,1,1,1,20240609,20240615
720,1,1,1,1,1,1,1,20240609,20240615
721,1,1,1,1,1,1,1,20240609,20240615
722,1,1,1,1,1,1,1,20240609,20240615
723,1,1,1,1,1,1,1,20240609,20240615
724,1,1,1,1,1,1,1,20240609,20240615
725,1,1,1,1,1,1,1,20240609,20240615
726,1,1,1,1,1,1,1,20240609,20240615
727,1,1,1,1,1,1,1,20240609,20240615
728,1,1,1,1,1,1,1,20240609,20240615
729,1,1,1,1,1,1,1,20240609,20240615
730,1,1,1,1,1,1,1,20240609,20240615
731,1,1,1,1,1,1,1,20240609,20240615
732,1,1,1,1,1,1,1,20240609,20240615
733,1,1,1,1,1,1,1,20240609,20240615
734,1,1,1,1,1,1,1,20240609,20240615
735,1,1,1,1,1,1,1,20240609,20240615
736,1,1,1,1,1,1,1,20240609,20240615
737,1,1,1,1,1,1,1,20240609,20240615
738,1,1,1,1,1,1,1,20240609,20240615
739,1,1,1,1,1,1,1,20240609,20240615
740,1,1,1,1,1,1,1,20240609,20240615
741,1,1,1,1,1,1,1,20240609,20240615
742,1,1,1,1,1,1,1,20240609,20240615
743,1,1,1,1,1,1,1,20240609,20240615
744,1,1,1,1,1,1,1,20240609,20240615
745,1,1,1,1,1,1,1,20240609,20240615
746,1,1,1,1,1,1,1,20240609,20240615
747,1,1,1,1,1,1,1,20240609,20240615
748,1,1,1,1,1,1,1,20240609,20240615
749,1,1,1,1,1,1,1,20240609,20240615
750,1,1,1,1,1,1,1,20240609,20240615
751,1,1,1,1,1,1,1,20240609,20240615
752,1,1,1,1,1,1,1,20240609,20240615
753,1,1,1,1,1,1,1,20240609,20240615
754,1,1,1,1,1,1,1,20240609,20240615
755,1,1,1,1,1,1,1,20240609,20240615
756,1,1,1,1,1,1,1,20240609,20240615
757,1,1,1,1,1,1,1,20240609,20240615
758,1,1,1,1,1,1,1,20240609,20240615
759,1,1,1,1,1,1,1,20240609,20240615
760,1,1,1,1,1,1,1,20240609,20240615
761,1,1,1,1,1,1,1,20240609,20240615
762,1,1,1,1,1,1,1,20240609,20240615
763,1,1,1,1,1,1,1,20240609,20240615
764,1,1,1,1,1,1,1,20240609,20240615
765,1,1,1,1,1,1,1,20240609,20240615
766,1,1,1,1,1,1,1,20240609,20240615
767,1,1,1,1,1,1,1,20240609,20240615
768,1,1,1,1,1,1,1,20240609,20240615
769,1,1,1,1,1,1,1,20240609,20240615
770,1,1,1,1,1,1,1,20240609,20240615
771,1,1,1,1,1,1,1,20240609,20240615
772,1,1,1,1,1,1,1,20240609,20240615
773,1,1,1,1,1,1,1,20240609,20240615
774,1,1,1,1,1,1,1,20240609,20240615
775,1,1,1,1,1,1,1,20240609,20240615
776,1,1,1,1,1,1,1,20240609,20240615
777,1,1,1,1,1,1,1,20240609,20240615
778,1,1,1,1,1,1,1,20240609,20240615
779,1,1,1,1,1,1,1,20240609,20240615
780,1,1,1,1,1,1,1,20240609,20240615
781,1,1,1,1,1,1,1,20240609,20240615
782,1,1,1,1,1,1,1,20240609,20240615
783,1,1,1,1,1,1,1,20240609,20240615
784,1,1,1,1,1,1,1,20240609,20240615
785,1,1,1,1,1,1,1,20240609,20240615
786,1,1,1,1,1,1,1,20240609,20240615
787,1,1,1,1,1,1,1,20240609,20240615
788,1,1,1,1,1,1,1,20240609,20240615
789,1,1,1,1,1,1,1,20240609,20240615
790,1,1,1,1,1,1,1,20240609,20240615
791,1,1,1,1,1,1,1,20240609,20240615
792,1,1,1,1,1,1,1,20240609,20240615
793,1,1,1,1,1,1,1,20240609,20240615
794,1,1,1,1,1,1,1,20240609,20240615
795,1,1,1,1,1,1,1,20240609,20240615
796,1,1,1,1,1,1,1,20240609,20240615
797,1,1,1,1,1,1,1,20240609,20240615
798,1,1,1,1,1,1,1,20240609,20240615
799,1,1,1,1,1,1,1,20240609,20240615
800,1,1,1,1,1,1,1,20240609,20240615
801,1,1,1,1,1,1,1,20240609,20240615
802,1,1,1,1,1,1,1,20240609,20240615
803,1,1,1,1,1,1,1,20240609,20240615
804,1,1,1,1,1,1,1,20240609,20240615
805,1,1,1,1,1,1,1,20240609,20240615
806,1,1,1,1,1,1,1,20240609,20240615
807,1,1,1,1,1,1,1,20240609,20240615
808,1,1,1,1,1,1,1,20240609,20240615
809,1,1,1,1,1,1,1,20240609,20240615
810,1,1,1,1,1,1,1,20240609,20240615
811,1,1,1,1,1,1,1,20240609,20240615
812,1,1,1,1,1,1,1,20240609,20240615
813,1,1,1,1,1,1,1,20240609,20240615
814,1,1,1,1,1,1,1,20240609,20240615
815,1,1,1,1,1,1,1,20240609,20240615
816,1,1,1,1,1,1,1,20240609,20240615
817,1,1,1,1,1,1,1,20240609,20240615
818,1,1,1,1,1,1,1,20240609,20240615
819,1,1,1,1,1,1,1,20240609,20240615
820,1,1,1,1,1,1,1,20240609,20240615
821,1,1,1,1,1,1,1,20240609,20240615
822,1,1,1,1,1,1,1,20240609,20240615
823,1,1,1,1,1,1,1,20240609,20240615
824,1,1,1,1,1,1,1,20240609,20240615
825,1,1,1,1,1,1,1,20240609,20240615
826,1,1,1,1,1,1,1,20240609,20240615
827,1,1,1,1,1,1,1,20240609,20240615
828,1,1,1,1,1,1,1,20240609,20240615
829,1,1,1,1,1,1,1,20240609,20240615
830,1,1,1,1,1,1,1,20240609,20240615
831,1,1,1,1,1,1,1,20240609,20240615
832,1,1,1,1,1,1,1,20240609,20240615
833,1,1,1,1,1,1,1,20240609,20240615
834,1,1,1,1,1,1,1,20240609,20240615
835,1,1,1,1,1,1,1,20240609,20240615
836,1,1,1,1,1,1,1,20240609,20240615
837,1,1,1,1,1,1,1,20240609,20240615
838,1,1,1,1,1,1,1,20240609,20240615
839,1,1,1,1,1,1,1,20240609,20240615
840,1,1,1,1,1,1,1,20240609,20240615
841,1,1,1,1,1,1,1,20240609,20240615
842,1,1,1,1,1,1,1,20240609,20240615
843,1,1,1,1,1,1,1,20240609,20240615
844,1,1,1,1,1,1,1,20240609,20240615
845,1,1,1,1,1,1,1,20240609,20240615
846,1,1,1,1,1,1,1,20240609,20240615
847,1,1,1,1,1,1,1,20240609,20240615
848,1,1,1,1,1,1,1,20240609,20240615
849,1,1,1,1,1,1,1,20240609,20240615
850,1,1,1,1,1,1,1,20240609,20240615
851,1,1,1,1,1,1,1,20240609,20240615
852,1,1,1,1,1,1,1,20240609,20240615
853,1,1,1,1,1,1,1,20240609,20240615
854,1,1,1,1,1,1,1,20240609,20240615
855,1,1,1,1,1,1,1,20240609,20240615
856,1,1,1,1,1,1,1,20240609,20240615
857,1,1,1,1,1,1,1,20240609,20240615
858,1,1,1,1,1,1,1,20240609,20240615
859,1,1,1,1,1,1,1,20240609,20240615
860,1,1,1,1,1,1,1,20240609,20240615
861,1,1,1,1,1,1,1,20240609,20240615
862,1,1,1,1,1,1,1,20240609,20240615
863,1,1,1,1,1,1,1,20240609,20240615
864,1,1,1,1,1,1,1,20240609,20240615
865,1,1,1,1,1,1,1,20240609,20240615
866,1,1,1,1,1,1,1,20240609,20240615
867,1,1,1,1,1,1,1,20240609,20240615
868,1,1,1,1,1,1,1,20240609,20240615
869,1,1,1,1,1,1,1,20240609,20240615
870,1,1,1,1,1,1,1,20240609,20240615
871,1,1,1,1,1,1,1,20240609,20240615
872,1,1,1,1,1,1,1,20240609,20240615
873,1,1,1,1,1,1,1,20240609,20240615
874,1,1,1,1,1,1,1,20240609,20240615
875,1,1,1,1,1,1,1,20240609,20240615
876,1,1,1,1,1,1,1,20240609,20240615
877,1,1,1,1,1,1,1,20240609,20240615
878,1,1,1,1,1,1,1,20240609,20240615
879,1,1,1,1,1,1,1,20240609,20240615
880,1,1,1,1,1,1,1,20240609,20240615
881,1,1,1,1,1,1,1,20240609,20240615
882,1,1,1,1,1,1,1,20240609,20240615
883,1,1,1,1,1,1,1,20240609,20240615
884,1,1,1,1,1,1,1,20240609,20240615
885,1,1,1,1,1,1,1,20240609,20240615
886,1,1,1,1,1,1,1,20240609,20240615
887,1,1,1,1,1,1,1,20240609,20240615
888,1,1,1,1,1,1,1,20240609,20240615
889,1,1,1,1,1,1,1,20240609,20240615
890,1,1,1,1,1,1,1,20240609,20240615
891,1,1,1,1,1,1,1,20240609,20240615
892,1,1,1,1,1,1,1,20240609,20240615
893,1,1,1,1,1,1,1,20240609,20240615
894,1,1,1,1,1,1,1,20240609,20240615
895,1,1,1,1,1,1,1,20240609,20240615
896,1,1,1,1,1,1,1,20240609,20240615
897,1,1,1,1,1,1,1,20240609,20240615
898,1,1,1,1,1,1,1,20240609,20240615
899,1,1,1,1,1,1,1,20240609,20240615
900,1,1,1,1,1,1,1,20240609,20240615
901,1,1,1,1,1,1,1,20240609,20240615
902,1,1,1,1,1,1,1,20240609,20240615
903,1,1,1,1,1,1,1,20240609,20240615
904,1,1,1,1,1,1,1,20240609,20240615
905,1,1,1,1,1,1,1,20240609,20240615
906,1,1,1,1,1,1,1,20240609,20240615
907,1,1,1,1,1,1,1,20240609,20240615
908,1,1,1,1,1,1,1,20240609,20240615
909,1,1,1,1,1,1,1,20240609,20240615
910,1,1,1,1,1,1,1,20240609,20240615
911,1,1,1,1,1,1,1,20240609,20240615
912,1,1,1,1,1,1,1,20240609,20240615
913,1,1,1,1,1,1,1,20240609,20240615
914,1,1,1,1,1,1,1,20240609,20240615
915,1,1,1,1,1,1,1,20240609,20240615
916,1,1,1,1,1,1,1,20240609,20240615
917,1,1,1,1,1,1,1,20240609,20240615
918,1,1,1,1,1,1,1,20240609,20240615
919,1,1,1,1,1,1,1,20240609,20240615
920,1,1,1,1,1,1,1,20240609,20240615
921,1,1,1,1,1,1,1,20240609,20240615
922,1,1,1,1,1,1,1,20240609,20240615
923,1,1,1,1,1,1,1,20240609,20240615
924,1,1,1,1,1,1,1,20240609,20240615
925,1,1,1,1,1,1,1,20240609,20240615
926,1,1,1,1,1,1,1,20240609,20240615
927,1,1,1,1,1,1,1,20240609,20240615
928,1,1,1,1,1,1,1,20240609,20240615
929,1,1,1,1,1,1,1,20240609,20240615
930,1,1,1,1,1,1,1,20240609,20240615
931,1,1,1,1,1,1,1,20240609,20240615
932,1,1,1,1,1,1,1,20240609,20240615
933,1,1,1,1,1,1,1,20240609,20240615
934,1,1,1,1,1,1,1,20240609,20240615
935,1,1,1,1,1,1,1,20240609,20240615
936,1,1,1,1,1,1,1,20240609,20240615
937,1,1,1,1,1,1,1,20240609,20240615
938,1,1,1,1,1,1,1,20240609,20240615
939,1,1,1,1,1,1,1,20240609,20240615
940,1,1,1,1,1,1,1,20240609,20240615
941,1,1,1,1,1,1,1,20240609,20240615
942,1,1,1,1,1,1,1,20240609,20240615
943,1,1,1,1,1,1,1,20240609,20240615
944,1,1,1,1,1,1,1,20240609,20240615
945,1,1,1,1,1,1,1,20240609,20240615
946,1,1,1,1,1,1,1,20240609,20240615
947,1,1,1,1,1,1,1,20240609,20240615
948,1,1,1,1,1,1,1,20240609,20240615
949,1,1,1,1,1,1,1,20240609,20240615
950,1,1,1,1,1,1,1,20240609,20240615
951,1,1,1,1,1,1,1,20240609,20240615
952,1,1,1,1,1,1,1,20240609,20240615
953,1,1,1,1,1,1,1,20240609,20240615
954,1,1,1,1,1,1,1,20240609,20240615
955,1,1,1,1,1,1,1,20240609,20240615
956,1,1,1,1,1,1,1,20240609,20240615
957,1,1,1,1,1,1,1,20240609,20240615
958,1,1,1,1,1,1,1,20240609,20240615
959,1,1,1,1,1,1,1,20240609,20240615
960,1,1,1,1,1,1,1,20240609,20240615
961,1,1,1,1,1,1,1,20240609,20240615
962,1,1,1,1,1,1,1,20240609,20240615
963,1,1,1,1,1,1,1,20240609,20240615
964,1,1,1,1,1,1,1,20240609,20240615
965,1,1,1,1,1,1,1,20240609,20240615
966,1,1,1,1,1,1,1,20240609,20240615
967,1,1,1,1,1,1,1,20240609,20240615
968,1,1,1,1,1,1,1,20240609,20240615
969,1,1,1,1,1,1,1,20240609,20240615
970,1,1,1,1,1,1,1,20240609,20240615
971,1,1,1,1,1,1,1,20240609,20240615
972,1,1,1,1,1,1,1,20240609,20240615
973,1,1,1,1,1,1,1,20240609,20240615
974,1,1,1,1,1,1,1,20240609,20240615
975,1,1,1,1,1,1,1,20240609,20240615
976,1,1,1,1,1,1,1,20240609,20240615
977,1,1,1,1,1,1,1,20240609,20240615
978,1,1,1,1,1,1,1,20240609,20240615
979,1,1,1,1,1,1,1,20240609,20240615
980,1,1,1,1,1,1,1,20240609,20240615
981,1,1,1,1,1,1,1,20240609,20240615
982,1,1,1,1,1,1,1,20240609,20240615
983,1,1,1,1,1,1,1,20240609,20240615
984,1,1,1,1,1,1,1,20240609,20240615
985,1,1,1,1,1,1,1,20240609,20240615
986,1,1,1,1,1,1,1,20240609,20240615
987,1,1,1,1,1,1,1,20240609,20240615
988,1,1,1,1,1,1,1,20240609,20240615
989,1,1,1,1,1,1,1,20240609,20240615
990,1,1,1,1,1,1,1,20240609,20240615
991,1,1,1,1,1,1,1,20240609,20240615
992,1,1,1,1,1,1,1,20240609,20240615
993,1,1,1,1,1,1,1,20240609,20240615
994,1,1,1,1,1,1,1,20240609,20240615
995,1,1,1,1,1,1,1,20240609,20240615
996,1,1,1,1,1,1,1,20240609,20240615
997,1,1,1,1,1,1,1,20240609,20240615
998,1,1,1,1,1,1,1,20240609,20240615
999,1,1,1,1,1,1,1,20240609,20240615
1000,1,1,1,1,1,1,1,20240609,20240615
1001,1,1,1,1,1,1,1,20240609,20240615
1002,1,1,1,1,1,1,1,20240609,20240615
1003,1,1,1,1,1,1,1,20240609,20240615
1004,1,1,1,1,1,1,1,20240609,20240615
1005,1,1,1,1,1,1,1,20240609,20240615
1006,1,1,1,1,1,1,1,20240609,20240615
1007,1,1,1,1,1,1,1,20240609,20240615
1008,1,1,1,1,1,1,1,20240609,20240615
1009,1,1,1,1,1,1,1,20240609,20240615
1010,1,1,1,1,1,1,1,20240609,20240615
1011,1,1,1,1,1,1,1,20240609,20240615
1012,1,1,1,1,1,1,1,20240609,20240615
1013,1,1,1,1,1,1,1,20240609,20240615
1014,1,1,1,1,1,1,1,20240609,20240615
1015,1,1,1,1,1,1,1,20240609,20240615
1016,1,1,1,1,1,1,1,20240609,20240615
1017,1,1,1,1,1,1,1,20240609,20240615
1018,1,1,1,1,1,1,1,20240609,20240615
1019,1,1,1,1,1,1,1,20240609,20240615
1020,1,1,1,1,1,1,1,20240609,20240615
1021,1,1,1,1,1,1,1,20240609,20240615
1022,1,1,1,1,1,1,1,20240609,20240615
1023,1,1,1,1,1,1,1,20240609,20240615
1024,1,1,1,1,1,1,1,20240609,20240615
1025,1,1,1,1,1,1,1,20240609,20240615
1026,1,1,1,1,1,1,1,20240609,20240615
1027,1,1,1,1,1,1,1,20240609,20240615
1028,1,1,1,1,1,1,1,20240609,20240615
1029,1,1,1,1,1,1,1,20240609,20240615
1030,1,1,1,1,1,1,1,20240609,20240615
1031,1,1,1,1,1,1,1,20240609,20240615
1032,1,1,1,1,1,1,1,20240609,20240615
1033,1,1,1,1,1,1,1,20240609,20240615
1034,1,1,1,1,1,1,1,20240609,20240615
1035,1,1,1,1,1,1,1,20240609,20240615
1036,1,1,1,1,1,1,1,20240609,20240615
1037,1,1,1,1,1,1,1,20240609,20240615
1038,1,1,1,1,1,1,1,20240609,20240615
1039,1,1,1,1,1,1,1,20240609,20240615
1040,1,1,1,1,1,1,1,20240609,20240615
1041,1,1,1,1,1,1,1,20240609,20240615
1042,1,1,1,1,1,1,1,20240609,20240615
1043,1,1,1,1,1,1,1,20240609,20240615
1044,1,1,1,1,1,1,1,20240609,20240615
1045,1,1,1,1,1,1,1,20240609,20240615
1046,1,1,1,1,1,1,1,20240609,20240615
1047,1,1,1,1,1,1,1,20240609,20240615
1048,1,1,1,1,1,1,1,20240609,20240615
1049,1,1,1,1,1,1,1,20240609,20240615
1050,1,1,1,1,1,1,1,20240609,20240615
1051,1,1,1,1,1,1,1,20240609,20240615
1052,1,1,1,1,1,1,1,20240609,20240615
1053,1,1,1,1,1,1,1,20240609,20240615
1054,1,1,1,1,1,1,1,20240609,20240615
1055,1,1,1,1,1,1,1,20240609,20240615
1056,1,1,1,1,1,1,1,20240609,20240615
1057,1,1,1,1,1,1,1,20240609,20240615
1058,1,1,1,1,1,1,1,20240609,20240615
1059,1,1,1,1,1,1,1,20240609,20240615
1060,1,1,1,1,1,1,1,20240609,20240615
1061,1,1,1,1,1,1,1,20240609,20240615
1062,1,1,1,1,1,1,1,20240609,20240615
1063,1,1,1,1,1,1,1,20240609,20240615
1064,1,1,1,1,1,1,1,20240609,20240615
1065,1,1,1,1,1,1,1,20240609,20240615
1066,1,1,1,1,1,1,1,20240609,20240615
1067,1,1,1,1,1,1,1,20240609,20240615
1068,1,1,1,1,1,1,1,20240609,20240615
1069,1,1,1,1,1,1,1,20240609,20240615
1070,1,1,1,1,1,1,1,20240609,20240615
1071,1,1,1,1,1,1,1,20240609,20240615
1072,1,1,1,1,1,1,1,20240609,20240615
1073,1,1,1,1,1,1,1,20240609,20240615
1074,1,1,1,1,1,1,1,20240609,20240615
1075,1,1,1,1,1,1,1,20240609,20240615
1076,1,1,1,1,1,1,1,20240609,20240615
1077,1,1,1,1,1,1,1,20240609,20240615
1078,1,1,1,1,1,1,1,20240609,20240615
1079,1,1,1,1,1,1,1,20240609,20240615
1080,1,1,1,1,1,1,1,20240609,20240615
1081,1,1,1,1,1,1,1,20240609,20240615
1082,1,1,1,1,1,1,1,20240609,20240615
1083,1,1,1,1,1,1,1,20240609,20240615
1084,1,1,1,1,1,1,1,20240609,20240615
1085,1,1,1,1,1,1,1,20240609,20240615
1086,1,1,1,1,1,1,1,20240609,20240615
1087,1,1,1,1,1,1,1,20240609,20240615
1088,1,1,1,1,1,1,1,20240609,20240615
1089,1,1,1,1,1,1,1,20240609,20240615
1090,1,1,1,1,1,1,1,20240609,20240615
1091,1,1,1,1,1,1,1,20240609,20240615
1092,1,1,1,1,1,1,1,20240609,20240615
1093,1,1,1,1,1,1,1,20240609,20240615
1094,1,1,1,1,1,1,1,20240609,20240615
1095,1,1,1,1,1,1,1,20240609,20240615
1096,1,1,1,1,1,1,1,20240609,20240615
1097,1,1,1,1,1,1,1,20240609,20240615
1098,1,1,1,1,1,1,1,20240609,20240615
1099,1,1,1,1,1,1,1,20240609,20240615
1100,1,1,1,1,1,1,1,20240609,20240615
1101,1,1,1,1,1,1,1,20240609,20240615
1102,1,1,1,1,1,1,1,20240609,20240615
1103,1,1,1,1,1,1,1,20240609,20240615
1104,1,1,1,1,1,1,1,20240609,20240615
1105,1,1,1,1,1,1,1,20240609,20240615
1106,1,1,1,1,1,1,1,20240609,20240615
1107,1,1,1,1,1,1,1,20240609,20240615
1108,1,1,1,1,1,1,1,20240609,20240615
1109,1,1,1,1,1,1,1,20240609,20240615
1110,1,1,1,1,1,1,1,20240609,20240615
1111,1,1,1,1,1,1,1,20240609,20240615
1112,1,1,1,1,1,1,1,20240609,20240615
1113,1,1,1,1,1,1,1,20240609,20240615
1114,1,1,1,1,1,1,1,20240609,20240615
1115,1,1,1,1,1,1,1,20240609,20240615
1116,1,1,1,1,1,1,1,20240609,20240615
1117,1,1,1,1,1,1,1,20240609,20240615
1118,1,1,1,1,1,1,1,20240609,20240615
1119,1,1,1,1,1,1,1,20240609,20240615
1120,1,1,1,1,1,1,1,20240609,20240615
1121,1,1,1,1,1,1,1,20240609,20240615
1122,1,1,1,1,1,1,1,20240609,20240615
1123,1,1,1,1,1,1,1,20240609,20240615
1124,1,1,1,1,1,1,1,20240609,20240615
1125,1,1,1,1,1,1,1,20240609,20240615
1126,1,1,1,1,1,1,1,20240609,20240615
1127,1,1,1,1,1,1,1,20240609,20240615
1128,1,1,1,1,1,1,1,20240609,20240615
1129,1,1,1,1,1,1,1,20240609,20240615
1130,1,1,1,1,1,1,1,20240609,20240615
1131,1,1,1,1,1,1,1,20240609,20240615
1132,1,1,1,1,1,1,1,20240609,20240615
1133,1,1,1,1,1,1,1,20240609,20240615
1134,1,1,1,1,1,1,1,20240609,20240615
1135,1,1,1,1,1,1,1,20240609,20240615
1136,1,1,1,1,1,1,1,20240609,20240615
1137,1,1,1,1,1,1,1,20240609,20240615
1138,1,1,1,1,1,1,1,20240609,20240615
1139,1,1,1,1,1,1,1,20240609,20240615
1140,1,1,1,1,1,1,1,20240609,20240615
1141,1,1,1,1,1,1,1,20240609,20240615
1142,1,1,1,1,1,1,1,20240609,20240615
1143,1,1,1,1,1,1,1,20240609,20240615
1144,1,1,1,1,1,1,1,20240609,20240615
1145,1,1,1,1,1,1,1,20240609,20240615
1146,1,1,1,1,1,1,1,20240609,20240615
1147,1,1,1,1,1,1,1,20240609,20240615
1148,1,1,1,1,1,1,1,20240609,20240615
1149,1,1,1,1,1,1,1,20240609,20240615
1150,1,1,1,1,1,1,1,20240609,20240615
1151,1,1,1,1,1,1,1,20240609,20240615
1152,1,1,1,1,1,1,1,20240609,20240615
1153,1,1,1,1,1,1,1,20240609,20240615
1154,1,1,1,1,1,1,1,20240609,20240615
1155,1,1,1,1,1,1,1,20240609,20240615
1156,1,1,1,1,1,1,1,20240609,20240615
1157,1,1,1,1,1,1,1,20240609,20240615
1158,1,1,1,1,1,1,1,20240609,20240615
1159,1,1,1,1,1,1,1,20240609,20240615
1160,1,1,1,1,1,1,1,20240609,20240615
1161,1,1,1,1,1,1,1,20240609,20240615
1162,1,1,1,1,1,1,1,20240609,20240615
1163,1,1,1,1,1,1,1,20240609,20240615
1164,1,1,1,1,1,1,1,20240609,20240615
1165,1,1,1,1,1,1,1,20240609,20240615
1166,1,1,1,1,1,1,1,20240609,20240615
1167,1,1,1,1,1,1,1,20240609,20240615
1168,1,1,1,1,1,1,1,20240609,20240615
1169,1,1,1,1,1,1,1,20240609,20240615
1170,1,1,1,1,1,1,1,20240609,20240615
1171,1,1,1,1,1,1,1,20240609,20240615
1172,1,1,1,1,1,1,1,20240609,20240615
1173,1,1,1,1,1,1,1,20240609,20240615
1174,1,1,1,1,1,1,1,20240609,20240615
1175,1,1,1,1,1,1,1,20240609,20240615
1176,1,1,1,1,1,1,1,20240609,20240615
1177,1,1,1,1,1,1,1,20240609,20240615
1178,1,1,1,1,1,1,1,20240609,20240615
1179,1,1,1,1,1,1,1,20240609,20240615
1180,1,1,1,1,1,1,1,20240609,20240615
1181,1,1,1,1,1,1,1,20240609,20240615
1182,1,1,1,1,1,1,1,20240609,20240615
1183,1,1,1,1,1,1,1,20240609,20240615
1184,1,1,1,1,1,1,1,20240609,20240615
1185,1,1,1,1,1,1,1,20240609,20240615
1186,1,1,1,1,1,1,1,20240609,20240615
1187,1,1,1,1,1,1,1,20240609,20240615
1188,1,1,1,1,1,1,1,20240609,20240615
1189,1,1,1,1,1,1,1,20240609,20240615
1190,1,1,1,1,1,1,1,20240609,20240615
1191,1,1,1,1,1,1,1,20240609,20240615
1192,1,1,1,1,1,1,1,20240609,20240615
1193,1,1,1,1,1,1,1,20240609,20240615
1194,1,1,1,1,1,1,1,20240609,20240615
1195,1,1,1,1,1,1,1,20240609,20240615
1196,1,1,1,1,1,1,1,20240609,20240615
1197,1,1,1,1,1,1,1,20240609,20240615
1198,1,1,1,1,1,1,1,20240609,20240615
1199,1,1,1,1,1,1,1,20240609,20240615
1200,1,1,1,1,1,1,1,20240609,20240615
1201,1,1,1,1,1,1,1,20240609,20240615
1202,1,1,1,1,1,1,1,20240609,20240615
1203,1,1,1,1,1,1,1,20240609,20240615
1204,1,1,1,1,1,1,1,20240609,20240615
1205,1,1,1,1,1,1,1,20240609,20240615
1206,1,1,1,1,1,1,1,20240609,20240615
1207,1,1,1,1,1,1,1,20240609,20240615
1208,1,1,1,1,1,1,1,20240609,20240615
1209,1,1,1,1,1,1,1,20240609,20240615
1210,1,1,1,1,1,1,1,20240609,20240615
1211,1,1,1,1,1,1,1,20240609,20240615
1212,1,1,1,1,1,1,1,20240609,20240615
1213,1,1,1,1,1,1,1,20240609,20240615
1214,1,1,1,1,1,1,1,20240609,20240615
1215,1,1,1,1,1,1,1,20240609,20240615
1216,1,1,1,1,1,1,1,20240609,20240615
1217,1,1,1,1,1,1,1,20240609,20240615
1218,1,1,1,1,1,1,1,20240609,20240615
1219,1,1,1,1,1,1,1,20240609,20240615
1220,1,1,1,1,1,1,1,20240609,20240615
1221,1,1,1,1,1,1,1,20240609,20240615
1222,1,1,1,1,1,1,1,20240609,20240615
1223,1,1,1,1,1,1,1,20240609,20240615
1224,1,1,1,1,1,1,1,20240609,20240615
1225,1,1,1,1,1,1,1,20240609,20240615
1226,1,1,1,1,1,1,1,20240609,20240615
1227,1,1,1,1,1,1,1,20240609,20240615
1228,1,1,1,1,1,1,1,20240609,20240615
1229,1,1,1,1,1,1,1,20240609,20240615
1230,1,1,1,1,1,1,1,20240609,20240615
1231,1,1,1,1,1,1,1,20240609,20240615
1232,1,1,1,1,1,1,1,20240609,20240615
1233,1,1,1,1,1,1,1,20240609,20240615
1234,1,1,1,1,1,1,1,20240609,20240615
1235,1,1,1,1,1,1,1,20240609,20240615
1236,1,1,1,1,1,1,1,20240609,20240615
1237,1,1,1,1,1,1,1,20240609,20240615
1238,1,1,1,1,1,1,1,20240609,20240615
1239,1,1,1,1,1,1,1,20240609,20240615
1240,1,1,1,1,1,1,1,20240609,20240615
1241,1,1,1,1,1,1,1,20240609,20240615
1242,1,1,1,1,1,1,1,20240609,20240615
1243,1,1,1,1,1,1,1,20240609,20240615
1244,1,1,1,1,1,1,1,20240609,20240615
1245,1,1,1,1,1,1,1,20240609,20240615
1246,1,1,1,1,1,1,1,20240609,20240615
1247,1,1,1,1,1,1,1,20240609,20240615
1248,1,1,1,1,1,1,1,20240609,20240615
1249,1,1,1,1,1,1,1,20240609,20240615
1250,1,1,1,1,1,1,1,20240609,20240615
1251,1,1,1,1,1,1,1,20240609,20240615
1252,1,1,1,1,1,1,1,20240609,20240615
1253,1,1,1,1,1,1,1,20240609,20240615
1254,1,1,1,1,1,1,1,20240609,20240615
1255,1,1,1,1,1,1,1,20240609,20240615
1256,1,1,1,1,1,1,1,20240609,20240615
1257,1,1,1,1,1,1,1,20240609,20240615
1258,1,1,1,1,1,1,1,20240609,20240615
1259,1,1,1,1,1,1,1,20240609,20240615
1260,1,1,1,1,1,1,1,20240609,20240615
1261,1,1,1,1,1,1,1,20240609,20240615
1262,1,1,1,1,1,1,1,20240609,20240615
1263,1,1,1,1,1,1,1,20240609,20240615
1264,1,1,1,1,1,1,1,20240609,20240615
1265,1,1,1,1,1,1,1,20240609,20240615
1266,1,1,1,1,1,1,1,20240609,20240615
1267,1,1,1,1,1,1,1,20240609,20240615
1268,1,1,1,1,1,1,1,20240609,20240615
1269,1,1,1,1,1,1,1,20240609,20240615
1270,1,1,1,1,1,1,1,20240609,20240615
1271,1,1,1,1,1,1,1,20240609,20240615
1272,1,1,1,1,1,1,1,20240609,20240615
1273,1,1,1,1,1,1,1,20240609,20240615
1274,1,1,1,1,1,1,1,20240609,20240615
1275,1,1,1,1,1,1,1,20240609,20240615
1276,1,1,1,1,1,1,1,20240609,20240615
1277,1,1,1,1,1,1,1,20240609,20240615
1278,1,1,1,1,1,1,1,20240609,20240615
1279,1,1,1,1,1,1,1,20240609,20240615
1280,1,1,1,1,1,1,1,20240609,20240615
1281,1,1,1,1,1,1,1,20240609,20240615
1282,1,1,1,1,1,1,1,20240609,20240615
1283,1,1,1,1,1,1,1,20240609,20240615
1284,1,1,1,1,1,1,1,20240609,20240615
1285,1,1,1,1,1,1,1,20240609,20240615
1286,1,1,1,1,1,1,1,20240609,20240615
1287,1,1,1,1,1,1,1,20240609,20240615
1288,1,1,1,1,1,1,1,20240609,20240615
1289,1,1,1,1,1,1,1,20240609,20240615
1290,1,1,1,1,1,1,1,20240609,20240615
1291,1,1,1,1,1,1,1,20240609,20240615
1292,1,1,1,1,1,1,1,20240609,20240615
1293,1,1,1,1,1,1,1,20240609,20240615
1294,1,1,1,1,1,1,1,20240609,20240615
1295,1,1,1,1,1,1,1,20240609,20240615
1296,1,1,1,1,1,1,1,20240609,20240615
1297,1,1,1,1,1,1,1,20240609,20240615
1298,1,1,1,1,1,1,1,20240609,20240615
1299,1,1,1,1,1,1,1,20240609,20240615
1300,1,1,1,1,1,1,1,20240609,20240615
1301,1,1,1,1,1,1,1,20240609,20240615
1302,1,1,1,1,1,1,1,20240609,20240615
1303,1,1,1,1,1,1,1,20240609,20240615
1304,1,1,1,1,1,1,1,20240609,20240615
1305,1,1,1,1,1,1,1,20240609,20240615
1306,1,1,1,1,1,1,1,20240609,20240615
1307,1,1,1,1,1,1,1,20240609,20240615
1308,1,1,1,1,1,1,1,20240609,20240615
1309,1,1,1,1,1,1,1,20240609,20240615
1310,1,1,1,1,1,1,1,20240609,20240615
1311,1,1,1,1,1,1,1,20240609,20240615
1312,1,1,1,1,1,1,1,20240609,20240615
1313,1,1,1,1,1,1,1,20240609,20240615
1314,1,1,1,1,1,1,1,20240609,20240615
1315,1,1,1,1,1,1,1,20240609,20240615
1316,1,1,1,1,1,1,1,20240609,20240615
1317,1,1,1,1,1,1,1,20240609,20240615
1318,1,1,1,1,1,1,1,20240609,20240615
1319,1,1,1,1,1,1,1,20240609,20240615
1320,1,1,1,1,1,1,1,20240609,20240615
1321,1,1,1,1,1,1,1,20240609,20240615
1322,1,1,1,1,1,1,1,20240609,20240615
1323,1,1,1,1,1,1,1,20240609,20240615
1324,1,1,1,1,1,1,1,20240609,20240615
1325,1,1,1,1,1,1,1,20240609,20240615
1326,1,1,1,1,1,1,1,20240609,20240615
1327,1,1,1,1,1,1,1,20240609,20240615
1328,1,1,1,1,1,1,1,20240609,20240615
1329,1,1,1,1,1,1,1,20240609,20240615
1330,1,1,1,1,1,1,1,20240609,20240615
1331,1,1,1,1,1,1,1,20240609,20240615
1332,1,1,1,1,1,1,1,20240609,20240615
1333,1,1,1,1,1,1,1,20240609,20240615
1334,1,1,1,1,1,1,1,20240609,20240615
1335,1,1,1,1,1,1,1,20240609,20240615
1336,1,1,1,1,1,1,1,20240609,20240615
1337,1,1,1,1,1,1,1,20240609,20240615
1338,1,1,1,1,1,1,1,20240609,20240615
1339,1,1,1,1,1,1,1,20240609,20240615
1340,1,1,1,1,1,1,1,20240609,20240615
1341,1,1,1,1,1,1,1,20240609,20240615
1342,1,1,1,1,1,1,1,20240609,20240615
1343,1,1,1,1,1,1,1,20240609,20240615
1344,1,1,1,1,1,1,1,20240609,20240615
1345,1,1,1,1,1,1,1,20240609,20240615
1346,1,1,1,1,1,1,1,20240609,20240615
1347,1,1,1,1,1,1,1,20240609,20240615
1348,1,1,1,1,1,1,1,20240609,20240615
1349,1,1,1,1,1,1,1,20240609,20240615
1350,1,1,1,1,1,1,1,20240609,20240615
1351,1,1,1,1,1,1,1,20240609,20240615
1352,1,1,1,1,1,1,1,20240609,20240615
1353,1,1,1,1,1,1,1,20240609,20240615
1354,1,1,1,1,1,1,1,20240609,20240615
1355,1,1,1,1,1,1,1,20240609,20240615
1356,1,1,1,1,1,1,1,20240609,20240615
1357,1,1,1,1,1,1,1,20240609,20240615
1358,1,1,1,1,1,1,1,20240609,20240615
1359,1,1,1,1,1,1,1,20240609,20240615
1360,1,1,1,1,1,1,1,20240609,20240615
1361,1,1,1,1,1,1,1,20240609,20240615
1362,1,1,1,1,1,1,1,20240609,20240615
1363,1,1,1,1,1,1,1,20240609,20240615
1364,1,1,1,1,1,1,1,20240609,20240615
1365,1,1,1,1,1,1,1,20240609,20240615
1366,1,1,1,1,1,1,1,20240609,20240615
1367,1,1,1,1,1,1,1,20240609,20240615
1368,1,1,1,1,1,1,1,20240609,20240615
1369,1,1,1,1,1,1,1,20240609,20240615
1370,1,1,1,1,1,1,1,20240609,20240615
1371,1,1,1,1,1,1,1,20240609,20240615
1372,1,1,1,1,1,1,1,20240609,20240615
1373,1,1,1,1,1,1,1,20240609,20240615
1374,1,1,1,1,1,1,1,20240609,20240615
1375,1,1,1,1,1,1,1,20240609,20240615
1376,1,1,1,1,1,1,1,20240609,20240615
1377,1,1,1,1,1,1,1,20240609,20240615
1378,1,1,1,1,1,1,1,20240609,20240615
1379,1,1,1,1,1,1,1,20240609,20240615
1380,1,1,1,1,1,1,1,20240609,20240615
1381,1,1,1,1,1,1,1,20240609,20240615
1382,1,1,1,1,1,1,1,20240609,20240615
1383,1,1,1,1,1,1,1,20240609,20240615
1384,1,1,1,1,1,1,1,20240609,20240615
1385,1,1,1,1,1,1,1,20240609,20240615
1386,1,1,1,1,1,1,1,20240609,20240615
1387,1,1,1,1,1,1,1,20240609,20240615
1388,1,1,1,1,1,1,1,20240609,20240615
1389,1,1,1,1,1,1,1,20240609,20240615
1390,1,1,1,1,1,1,1,20240609,20240615
1391,1,1,1,1,1,1,1,20240609,20240615
1392,1,1,1,1,1,1,1,20240609,20240615
1393,1,1,1,1,1,1,1,20240609,20240615
1394,1,1,1,1,1,1,1,20240609,20240615
1395,1,1,1,1,1,1,1,20240609,20240615
1396,1,1,1,1,1,1,1,20240609,20240615
1397,1,1,1,1,1,1,1,20240609,20240615
1398,1,1,1,1,1,1,1,20240609,20240615
1399,1,1,1,1,1,1,1,20240609,20240615
1400,1,1,1,1,1,1,1,20240609,20240615
1401,1,1,1,1,1,1,1,20240609,20240615
1402,1,1,1,1,1,1,1,20240609,20240615
1403,1,1,1,1,1,1,1,20240609,20240615
1404,1,1,1,1,1,1,1,20240609,20240615
1405,1,1,1,1,1,1,1,20240609,20240615
1406,1,1,1,1,1,1,1,20240609,20240615
1407,1,1,1,1,1,1,1,20240609,20240615
1408,1,1,1,1,1,1,1,20240609,20240615
1409,1,1,1,1,1,1,1,20240609,20240615
1410,1,1,1,1,1,1,1,20240609,20240615
1411,1,1,1,1,1,1,1,20240609,20240615
1412,1,1,1,1,1,1,1,20240609,20240615
1413,1,1,1,1,1,1,1,20240609,20240615
1414,1,1,1,1,1,1,1,20240609,20240615
1415,1,1,1,1,1,1,1,20240609,20240615
1416,1,1,1,1,1,1,1,20240609,20240615
1417,1,1,1,1,1,1,1,20240609,20240615
1418,1,1,1,1,1,1,1,20240609,20240615
1419,1,1,1,1,1,1,1,20240609,20240615
1420,1,1,1,1,1,1,1,20240609,20240615
1421,1,1,1,1,1,1,1,20240609,20240615
1422,1,1,1,1,1,1,1,20240609,20240615
1423,1,1,1,1,1,1,1,20240609,20240615
1424,1,1,1,1,1,1,1,20240609,20240615
1425,1,1,1,1,1,1,1,20240609,20240615
1426,1,1,1,1,1,1,1,20240609,20240615
1427,1,1,1,1,1,1,1,20240609,20240615
1428,1,1,1,1,1,1,1,20240609,20240615
1429,1,1,1,1,1,1,1,20240609,20240615
1430,1,1,1,1,1,1,1,20240609,20240615
1431,1,1,1,1,1,1,1,20240609,20240615
1432,1,1,1,1,1,1,1,20240609,20240615
1433,1,1,1,1,1,1,1,20240609,20240615
1434,1,1,1,1,1,1,1,20240609,20240615
1435,1,1,1,1,1,1,1,20240609,20240615
1436,1,1,1,1,1,1,1,20240609,20240615
1437,1,1,1,1,1,1,1,20240609,20240615
1438,1,1,1,1,1,1,1,20240609,20240615
1439,1,1,1,1,1,1,1,20240609,20240615
1440,1,1,1,1,1,1,1,20240609,20240615
1441,1,1,1,1,1,1,1,20240609,20240615
1442,1,1,1,1,1,1,1,20240609,20240615
1443,1,1,1,1,1,1,1,20240609,20240615
1444,1,1,1,1,1,1,1,20240609,20240615
1445,1,1,1,1,1,1,1,20240609,20240615
1446,1,1,1,1,1,1,1,20240609,20240615
1447,1,1,1,1,1,1,1,20240609,20240615
1448,1,1,1,1,1,1,1,20240609,20240615
1449,1,1,1,1,1,1,1,20240609,20240615
1450,1,1,1,1,1,1,1,20240609,20240615
1451,1,1,1,1,1,1,1,20240609,20240615
1452,1,1,1,1,1,1,1,20240609,20240615
1453,1,1,1,1,1,1,1,20240609,20240615
1454,1,1,1,1,1,1,1,20240609,20240615
1455,1,1,1,1,1,1,1,20240609,20240615
1456,1,1,1,1,1,1,1,20240609,20240615
1457,1,1,1,1,1,1,1,20240609,20240615
1458,1,1,1,1,1,1,1,20240609,20240615
1459,1,1,1,1,1,1,1,20240609,20240615
1460,1,1,1,1,1,1,1,20240609,20240615
1461,1,1,1,1,1,1,1,20240609,20240615
1462,1,1,1,1,1,1,1,20240609,20240615
1463,1,1,1,1,1,1,1,20240609,20240615
1464,1,1,1,1,1,1,1,20240609,20240615
1465,1,1,1,1,1,1,1,20240609,20240615
1466,1,1,1,1,1,1,1,20240609,20240615
1467,1,1,1,1,1,1,1,20240609,20240615
1468,1,1,1,1,1,1,1,20240609,20240615
1469,1,1,1,1,1,1,1,20240609,20240615
1470,1,1,1,1,1,1,1,20240609,20240615
1471,1,1,1,1,1,1,1,20240609,20240615
1472,1,1,1,1,1,1,1,20240609,20240615
1473,1,1,1,1,1,1,1,20240609,20240615
1474,1,1,1,1,1,1,1,20240609,20240615
1475,1,1,1,1,1,1,1,20240609,20240615
1476,1,1,1,1,1,1,1,20240609,20240615
1477,1,1,1,1,1,1,1,20240609,20240615
1478,1,1,1,1,1,1,1,20240609,20240615
1479,1,1,1,1,1,1,1,20240609,20240615
1480,1,1,1,1,1,1,1,20240609,20240615
1481,1,1,1,1,1,1,1,20240609,20240615
1482,1,1,1,1,1,1,1,20240609,20240615
1483,1,1,1,1,1,1,1,20240609,20240615
1484,1,1,1,1,1,1,1,20240609,20240615
1485,1,1,1,1,1,1,1,20240609,20240615
1486,1,1,1,1,1,1,1,20240609,20240615
1487,1,1,1,1,1,1,1,20240609,20240615
1488,1,1,1,1,1,1,1,20240609,20240615
1489,1,1,1,1,1,1,1,20240609,20240615
1490,1,1,1,1,1,1,1,20240609,20240615
1491,1,1,1,1,1,1,1,20240609,20240615
1492,1,1,1,1,1,1,1,20240609,20240615
1493,1,1,1,1,1,1,1,20240609,20240615
1494,1,1,1,1,1,1,1,20240609,20240615
1495,1,1,1,1,1,1,1,20240609,20240615
1496,1,1,1,1,1,1,1,20240609,20240615
1497,1,1,1,1,1,1,1,20240609,20240615
1498,1,1,1,1,1,1,1,20240609,20240615
1499,1,1,1,1,1,1,1,20240609,20240615
1500,1,1,1,1,1,1,1,20240609,20240615
1501,1,1,1,1,1,1,1,20240609,20240615
1502,1,1,1,1,1,1,1,20240609,20240615
1503,1,1,1,1,1,1,1,20240609,20240615
1504,1,1,1,1,1,1,1,20240609,20240615
1505,1,1,1,1,1,1,1,20240609,20240615
1506,1,1,1,1,1,1,1,20240609,20240615
1507,1,1,1,1,1,1,1,20240609,20240615
1508,1,1,1,1,1,1,1,20240609,20240615
1509,1,1,1,1,1,1,1,20240609,20240615
1510,1,1,1,1,1,1,1,20240609,20240615
1511,1,1,1,1,1,1,1,20240609,20240615
1512,1,1,1,1,1,1,1,20240609,20240615
1513,1,1,1,1,1,1,1,20240609,20240615
1514,1,1,1,1,1,1,1,20240609,20240615
1515,1,1,1,1,1,1,1,20240609,20240615
1516,1,1,1,1,1,1,1,20240609,20240615
1517,1,1,1,1,1,1,1,20240609,20240615
1518,1,1,1,1,1,1,1,20240609,20240615
1519,1,1,1,1,1,1,1,20240609,20240615
1520,1,1,1,1,1,1,1,20240609,20240615
1521,1,1,1,1,1,1,1,20240609,20240615
1522,1,1,1,1,1,1,1,20240609,20240615
1523,1,1,1,1,1,1,1,20240609,20240615
1524,1,1,1,1,1,1,1,20240609,20240615
1525,1,1,1,1,1,1,1,20240609,20240615
1526,1,1,1,1,1,1,1,20240609,20240615
1527,1,1,1,1,1,1,1,20240609,20240615
1528,1,1,1,1,1,1,1,20240609,20240615
1529,1,1,1,1,1,1,1,20240609,20240615
1530,1,1,1,1,1,1,1,20240609,20240615
1531,1,1,1,1,1,1,1,20240609,20240615
1532,1,1,1,1,1,1,1,20240609,20240615
1533,1,1,1,1,1,1,1,20240609,20240615
1534,1,1,1,1,1,1,1,20240609,20240615
1535,1,1,1,1,1,1,1,20240609,20240615
1536,1,1,1,1,1,1,1,20240609,20240615
1537,1,1,1,1,1,1,1,20240609,20240615
1538,1,1,1,1,1,1,1,20240609,20240615
1539,1,1,1,1,1,1,1,20240609,20240615
1540,1,1,1,1,1,1,1,20240609,20240615
1541,1,1,1,1,1,1,1,20240609,20240615
1542,1,1,1,1,1,1,1,20240609,20240615
1543,1,1,1,1,1,1,1,20240609,20240615
1544,1,1,1,1,1,1,1,20240609,20240615
1545,1,1,1,1,1,1,1,20240609,20240615
1546,1,1,1,1,1,1,1,20240609,20240615
1547,1,1,1,1,1,1,1,20240609,20240615
1548,1,1,1,1,1,1,1,20240609,20240615
1549,1,1,1,1,1,1,1,20240609,20240615
1550,1,1,1,1,1,1,1,20240609,20240615
1551,1,1,1,1,1,1,1,20240609,20240615
1552,1,1,1,1,1,1,1,20240609,20240615
1553,1,1,1,1,1,1,1,20240609,20240615
1554,1,1,1,1,1,1,1,20240609,20240615
1555,1,1,1,1,1,1,1,20240609,20240615
1556,1,1,1,1,1,1,1,20240609,20240615
1557,1,1,1,1,1,1,1,20240609,20240615
1558,1,1,1,1,1,1,1,20240609,20240615
1559,1,1,1,1,1,1,1,20240609,20240615
1560,1,1,1,1,1,1,1,20240609,20240615
1561,1,1,1,1,1,1,1,20240609,20240615
1562,1,1,1,1,1,1,1,20240609,20240615
1563,1,1,1,1,1,1,1,20240609,20240615
1564,1,1,1,1,1,1,1,20240609,20240615
1565,1,1,1,1,1,1,1,20240609,20240615
1566,1,1,1,1,1,1,1,20240609,20240615
1567,1,1,1,1,1,1,1,20240609,20240615
1568,1,1,1,1,1,1,1,20240609,20240615
1569,1,1,1,1,1,1,1,20240609,20240615
1570,1,1,1,1,1,1,1,20240609,20240615
1571,1,1,1,1,1,1,1,20240609,20240615
1572,1,1,1,1,1,1,1,20240609,20240615
1573,1,1,1,1,1,1,1,20240609,20240615
1574,1,1,1,1,1,1,1,20240609,20240615
1575,1,1,1,1,1,1,1,20240609,20240615
1576,1,1,1,1,1,1,1,20240609,20240615
1577,1,1,1,1,1,1,1,20240609,20240615
1578,1,1,1,1,1,1,1,20240609,20240615
1579,1,1,1,1,1,1,1,20240609,20240615
1580,1,1,1,1,1,1,1,20240609,20240615
1581,1,1,1,1,1,1,1,20240609,20240615
1582,1,1,1,1,1,1,1,20240609,20240615
1583,1,1,1,1,1,1,1,20240609,20240615
1584,1,1,1,1,1,1,1,20240609,20240615
1585,1,1,1,1,1,1,1,20240609,20240615
1586,1,1,1,1,1,1,1,20240609,20240615
1587,1,1,1,1,1,1,1,20240609,20240615
1588,1,1,1,1,1,1,1,20240609,20240615
1589,1,1,1,1,1,1,1,20240609,20240615
1590,1,1,1,1,1,1,1,20240609,20240615
1591,1,1,1,1,1,1,1,20240609,20240615
1592,1,1,1,1,1,1,1,20240609,20240615
1593,1,1,1,1,1,1,1,20240609,20240615
1594,1,1,1,1,1,1,1,20240609,20240615
1595,1,1,1,1,1,1,1,20240609,20240615
1596,1,1,1,1,1,1,1,20240609,20240615
1597,1,1,1,1,1,1,1,20240609,20240615
1598,1,1,1,1,1,1,1,20240609,20240615
1599,1,1,1,1,1,1,1,20240609,20240615
1600,1,1,1,1,1,1,1,20240609,20240615
1601,1,1,1,1,1,1,1,20240609,20240615
1602,1,1,1,1,1,1,1,20240609,20240615
1603,1,1,1,1,1,1,1,20240609,20240615
1604,1,1,1,1,1,1,1,20240609,20240615
1605,1,1,1,1,1,1,1,20240609,20240615
1606,1,1,1,1,1,1,1,20240609,20240615
1607,1,1,1,1,1,1,1,20240609,20240615
1608,1,1,1,1,1,1,1,20240609,20240615
1609,1,1,1,1,1,1,1,20240609,20240615
1610,1,1,1,1,1,1,1,20240609,20240615
1611,1,1,1,1,1,1,1,20240609,20240615
1612,1,1,1,1,1,1,1,20240609,20240615
1613,1,1,1,1,1,1,1,20240609,20240615
1614,1,1,1,1,1,1,1,20240609,20240615
1615,1,1,1,1,1,1,1,20240609,20240615
1616,1,1,1,1,1,1,1,20240609,20240615
1617,1,1,1,1,1,1,1,20240609,20240615
1618,1,1,1,1,1,1,1,20240609,20240615
1619,1,1,1,1,1,1,1,20240609,20240615
1620,1,1,1,1,1,1,1,20240609,20240615
1621,1,1,1,1,1,1,1,20240609,20240615
1622,1,1,1,1,1,1,1,20240609,20240615
1623,1,1,1,1,1,1,1,20240609,20240615
1624,1,1,1,1,1,1,1,20240609,20240615
1625,1,1,1,1,1,1,1,20240609,20240615
1626,1,1,1,1,1,1,1,20240609,20240615
1627,1,1,1,1,1,1,1,20240609,20240615
1628,1,1,1,1,1,1,1,20240609,20240615
1629,1,1,1,1,1,1,1,20240609,20240615
1630,1,1,1,1,1,1,1,20240609,20240615
1631,1,1,1,1,1,1,1,20240609,20240615
1632,1,1,1,1,1,1,1,20240609,20240615
1633,1,1,1,1,1,1,1,20240609,20240615
1634,1,1,1,1,1,1,1,20240609,20240615
1635,1,1,1,1,1,1,1,20240609,20240615
1636,1,1,1,1,1,1,1,20240609,20240615
1637,1,1,1,1,1,1,1,20240609,20240615
1638,1,1,1,1,1,1,1,20240609,20240615
1639,1,1,1,1,1,1,1,20240609,20240615
1640,1,1,1,1,1,1,1,20240609,20240615
1641,1,1,1,1,1,1,1,20240609,20240615
1642,1,1,1,1,1,1,1,20240609,20240615
1643,1,1,1,1,1,1,1,20240609,20240615
1644,1,1,1,1,1,1,1,20240609,20240615
1645,1,1,1,1,1,1,1,20240609,20240615
1646,1,1,1,1,1,1,1,20240609,20240615
1647,1,1,1,1,1,1,1,20240609,20240615
1648,1,1,1,1,1,1,1,20240609,20240615
1649,1,1,1,1,1,1,1,20240609,20240615
1650,1,1,1,1,1,1,1,20240609,20240615
1651,1,1,1,1,1,1,1,20240609,20240615
1652,1,1,1,1,1,1,1,20240609,20240615
1653,1,1,1,1,1,1,1,20240609,20240615
1654,1,1,1,1,1,1,1,20240609,20240615
1655,1,1,1,1,1,1,1,20240609,20240615
1656,1,1,1,1,1,1,1,20240609,20240615
1657,1,1,1,1,1,1,1,20240609,20240615
1658,1,1,1,1,1,1,1,20240609,20240615
1659,1,1,1,1,1,1,1,20240609,20240615
1660,1,1,1,1,1,1,1,20240609,20240615
1661,1,1,1,1,1,1,1,20240609,20240615
1662,1,1,1,1,1,1,1,20240609,20240615
1663,1,1,1,1,1,1,1,20240609,20240615
1664,1,1,1,1,1,1,1,20240609,20240615
1665,1,1,1,1,1,1,1,20240609,20240615
1666,1,1,1,1,1,1,1,20240609,20240615
1667,1,1,1,1,1,1,1,20240609,20240615
1668,1,1,1,1,1,1,1,20240609,20240615
1669,1,1,1,1,1,1,1,20240609,20240615
1670,1,1,1,1,1,1,1,20240609,20240615
1671,1,1,1,1,1,1,1,20240609,20240615
1672,1,1,1,1,1,1,1,20240609,20240615
1673,1,1,1,1,1,1,1,20240609,20240615
1674,1,1,1,1,1,1,1,20240609,20240615
1675,1,1,1,1,1,1,1,20240609,20240615
1676,1,1,1,1,1,1,1,20240609,20240615
1677,1,1,1,1,1,1,1,20240609,20240615
1678,1,1,1,1,1,1,1,20240609,20240615
1679,1,1,1,1,1,1,1,20240609,20240615
1680,1,1,1,1,1,1,1,20240609,20240615
1681,1,1,1,1,1,1,1,20240609,20240615
1682,1,1,1,1,1,1,1,20240609,20240615
1683,1,1,1,1,1,1,1,20240609,20240615
1684,1,1,1,1,1,1,1,20240609,20240615
1685,1,1,1,1,1,1,1,20240609,20240615
1686,1,1,1,1,1,1,1,20240609,20240615
1687,1,1,1,1,1,1,1,20240609,20240615
1688,1,1,1,1,1,1,1,20240609,20240615
1689,1,1,1,1,1,1,1,20240609,20240615
1690,1,1,1,1,1,1,1,20240609,20240615
1691,1,1,1,1,1,1,1,20240609,20240615
1692,1,1,1,1,1,1,1,20240609,20240615
1693,1,1,1,1,1,1,1,20240609,20240615
1694,1,1,1,1,1,1,1,20240609,20240615
1695,1,1,1,1,1,1,1,20240609,20240615
1696,1,1,1,1,1,1,1,20240609,20240615
1697,1,1,1,1,1,1,1,20240609,20240615
1698,1,1,1,1,1,1,1,20240609,20240615
1699,1,1,1,1,1,1,1,20240609,20240615
1700,1,1,1,1,1,1,1,20240609,20240615
1701,1,1,1,1,1,1,1,20240609,20240615
1702,1,1,1,1,1,1,1,20240609,20240615
1703,1,1,1,1,1,1,1,20240609,20240615
1704,1,1,1,1,1,1,1,20240609,20240615
1705,1,1,1,1,1,1,1,20240609,20240615
1706,1,1,1,1,1,1,1,20240609,20240615
1707,1,1,1,1,1,1,1,20240609,20240615
1708,1,1,1,1,1,1,1,20240609,20240615
1709,1,1,1,1,1,1,1,20240609,20240615
1710,1,1,1,1,1,1,1,20240609,20240615
1711,1,1,1,1,1,1,1,20240609,20240615
1712,1,1,1,1,1,1,1,20240609,20240615
1713,1,1,1,1,1,1,1,20240609,20240615
1714,1,1,1,1,1,1,1,20240609,20240615
1715,1,1,1,1,1,1,1,20240609,20240615
1716,1,1,1,1,1,1,1,20240609,20240615
1717,1,1,1,1,1,1,1,20240609,20240615
1718,1,1,1,1,1,1,1,20240609,20240615
1719,1,1,1,1,1,1,1,20240609,20240615
1720,1,1,1,1,1,1,1,20240609,20240615
1721,1,1,1,1,1,1,1,20240609,20240615
1722,1,1,1,1,1,1,1,20240609,20240615
1723,1,1,1,1,1,1,1,20240609,20240615
