route_id,service_id,trip_id,trip_headsign,trip_short_name,direction_id,block_id,shape_id,wheelchair_accessible
244,1,1,,,1,1,1,
315,2,2,,,0,2,2,
161,3,3,,,0,3,3,
233,4,4,,,1,4,4,
167,5,5,,,1,5,5,
233,6,6,,,1,6,4,
316,7,7,,,1,7,6,
307,8,8,,,1,8,7,
259,9,9,,,0,9,8,
336,10,10,,,0,10,9,
237,11,11,,,1,11,10,
291,12,12,,,0,12,11,
258,13,13,,,1,13,12,
18,14,14,,,0,14,13,
167,15,15,,,1,15,5,
280,16,16,,,0,16,14,
225,17,17,,,1,17,15,
324,18,18,,,1,18,16,
325,19,19,,,1,19,17,
245,20,20,,,0,20,18,
210,21,21,,,0,21,19,
295,22,22,,,0,22,20,
307,23,23,,,1,23,7,
303,24,24,,,0,24,21,
291,25,25,,,0,25,11,
208,26,26,,,1,26,22,
320,27,27,,,0,7,23,
186,28,28,,,0,27,24,
208,29,29,,,1,26,22,
19,30,30,,,1,28,25,
318,31,31,,,0,29,26,
233,32,32,,,1,30,4,
338,33,33,,,0,31,27,
307,34,34,,,1,32,7,
249,35,35,,,0,4,28,
332,36,36,,,0,33,29,
109,37,37,,,0,34,30,
185,38,38,,,1,35,31,
332,39,39,,,0,36,29,
295,40,40,,,0,16,20,
307,41,41,,,1,32,7,
332,42,42,,,0,37,29,
314,43,43,,,1,2,32,
144,44,44,,,0,38,33,
324,45,45,,,1,18,16,
228,46,46,,,1,39,34,
290,47,47,,,1,40,35,
303,48,48,,,0,41,21,
23,49,49,,,1,42,36,
233,50,50,,,1,43,4,
267,51,51,,,0,44,37,
256,52,52,,,0,45,38,
290,53,53,,,1,46,35,
280,54,54,,,0,47,14,
314,55,55,,,1,48,32,
335,56,56,,,1,33,39,
325,57,57,,,1,49,17,
280,58,58,,,0,47,14,
19,59,59,,,1,47,25,
255,60,60,,,1,29,40,
307,61,61,,,1,50,7,
307,62,62,,,1,50,7,
330,63,63,,,1,51,41,
323,64,64,,,0,52,42,
23,65,65,,,1,53,36,
307,66,66,,,1,23,7,
258,67,67,,,1,54,12,
180,68,68,,,0,8,43,
249,69,69,,,0,43,28,
307,70,70,,,1,55,7,
232,71,71,,,0,48,44,
209,72,72,,,0,43,45,
335,73,73,,,1,33,39,
290,74,74,,,1,35,35,
24,75,75,,,1,56,46,
314,76,76,,,1,57,32,
337,77,77,,,1,58,47,
313,78,78,,,0,59,48,
313,79,79,,,0,29,48,
291,80,80,,,0,60,11,
280,81,81,,,0,46,14,
23,82,82,,,1,61,36,
217,83,83,,,1,62,49,
208,84,84,,,1,63,22,
259,85,85,,,0,64,8,
151,86,86,,,1,4,50,
275,87,87,,,1,28,51,
341,88,88,,,1,9,52,
167,89,89,,,1,65,5,
167,90,90,,,1,65,5,
290,91,91,,,1,66,35,
233,92,92,,,1,67,4,
19,93,93,,,1,68,25,
331,94,94,,,0,69,53,
241,95,95,,,1,70,54,
330,96,96,,,1,71,41,
228,97,97,,,1,72,34,
147,98,98,,,1,73,55,
209,99,99,,,0,63,45,
208,100,100,,,1,63,22,
232,101,101,,,0,74,44,
228,102,102,,,1,20,34,
23,103,103,,,1,42,36,
250,104,104,,,1,38,56,
255,105,105,,,1,38,40,
280,106,106,,,0,27,14,
318,107,107,,,0,29,26,
150,108,108,,,0,75,57,
271,109,109,,,1,44,58,
233,110,110,,,1,43,4,
325,111,111,,,1,76,17,
109,112,112,,,0,77,30,
240,113,113,,,1,78,59,
288,114,114,,,1,79,60,
297,115,115,,,0,80,61,
186,116,116,,,0,68,24,
315,117,117,,,0,2,2,
253,118,118,,,0,70,62,
323,119,119,,,0,81,42,
315,120,120,,,0,82,2,
299,121,121,,,0,79,63,
18,122,122,,,0,83,13,
19,123,123,,,1,84,25,
314,124,124,,,1,57,32,
233,125,125,,,1,6,4,
186,126,126,,,0,66,24,
217,127,127,,,1,62,49,
249,128,128,,,0,85,28,
161,129,129,,,0,85,3,
302,130,130,,,1,12,64,
168,131,131,,,1,86,65,
324,132,132,,,1,81,16,
147,133,133,,,1,73,55,
332,134,134,,,0,37,29,
147,135,135,,,1,4,55,
275,136,136,,,1,35,51,
233,137,137,,,1,75,4,
313,138,138,,,0,87,48,
233,139,139,,,1,4,4,
288,140,140,,,1,88,60,
255,141,141,,,1,89,40,
292,142,142,,,1,88,66,
262,143,143,,,0,13,67,
240,144,144,,,1,78,59,
208,145,145,,,1,90,22,
128,146,146,,,0,91,68,
288,147,147,,,1,92,60,
161,148,148,,,0,93,3,
249,149,149,,,0,43,28,
233,150,150,,,1,43,4,
314,151,151,,,1,94,32,
274,152,152,,,1,95,69,
255,153,153,,,1,96,40,
255,154,154,,,1,97,40,
315,155,155,,,0,48,2,
180,156,156,,,0,23,43,
284,157,157,,,0,98,70,
228,158,158,,,1,99,34,
228,159,159,,,1,100,34,
249,160,160,,,0,6,28,
292,161,161,,,1,41,66,
233,162,162,,,1,6,4,
255,163,163,,,1,94,40,
336,164,164,,,0,101,9,
280,165,165,,,0,47,14,
255,166,166,,,1,102,40,
217,167,167,,,1,21,49,
250,168,168,,,1,103,56,
304,169,169,,,1,104,71,
244,170,170,,,1,105,1,
208,171,171,,,1,4,22,
171,172,172,,,1,3,72,
284,173,173,,,0,106,70,
144,174,174,,,0,38,33,
336,175,175,,,0,39,9,
337,176,176,,,1,58,47,
262,177,177,,,0,107,67,
233,178,178,,,1,87,4,
297,179,179,,,0,108,61,
240,180,180,,,1,78,59,
22,181,181,,,0,61,73,
144,182,182,,,0,93,33,
171,183,183,,,1,15,72,
145,184,184,,,1,65,74,
326,185,185,,,0,109,75,
323,186,186,,,0,18,42,
242,187,187,,,1,30,76,
307,188,188,,,1,32,7,
180,189,189,,,0,110,43,
250,190,190,,,1,70,56,
311,191,191,,,0,59,77,
19,192,192,,,1,84,25,
323,193,193,,,0,52,42,
337,194,194,,,1,72,47,
299,195,195,,,0,79,63,
275,196,196,,,1,47,51,
151,197,197,,,1,93,50,
259,198,198,,,0,9,8,
337,199,199,,,1,104,47,
280,200,200,,,0,111,14,
268,201,201,,,1,87,78,
242,202,202,,,1,93,76,
324,203,203,,,1,18,16,
297,204,204,,,0,112,61,
151,205,205,,,1,97,50,
341,206,206,,,1,113,52,
245,207,207,,,0,20,18,
127,208,208,,,1,3,79,
233,209,209,,,1,59,4,
331,210,210,,,0,69,53,
250,211,211,,,1,4,56,
114,212,212,,,1,77,80,
293,213,213,,,0,51,81,
22,214,214,,,0,42,73,
318,215,215,,,0,89,26,
299,216,216,,,0,41,63,
250,217,217,,,1,30,56,
253,218,218,,,0,70,62,
167,219,219,,,1,3,5,
297,220,220,,,0,114,61,
258,221,221,,,1,115,12,
232,222,222,,,0,74,44,
326,223,223,,,0,116,75,
339,224,224,,,1,117,82,
185,225,225,,,1,118,31,
18,226,226,,,0,119,13,
209,227,227,,,0,26,45,
311,228,228,,,0,120,77,
249,229,229,,,0,85,28,
284,230,230,,,0,98,70,
295,231,231,,,0,22,20,
114,232,232,,,1,34,80,
167,233,233,,,1,5,5,
19,234,234,,,1,28,25,
322,235,235,,,1,121,83,
251,236,236,,,0,122,84,
313,237,237,,,0,96,48,
240,238,238,,,1,74,59,
171,239,239,,,1,67,72,
185,240,240,,,1,46,31,
255,241,241,,,1,120,40,
325,242,242,,,1,116,17,
288,243,243,,,1,12,60,
290,244,244,,,1,16,35,
338,245,245,,,0,117,27,
237,246,246,,,1,123,10,
161,247,247,,,0,15,3,
228,248,248,,,1,100,34,
249,249,249,,,0,6,28,
315,250,250,,,0,48,2,
128,251,251,,,0,38,68,
290,252,252,,,1,27,35,
275,253,253,,,1,47,51,
208,254,254,,,1,63,22,
259,255,255,,,0,113,8,
284,256,256,,,0,95,70,
280,257,257,,,0,68,14,
295,258,258,,,0,124,20,
208,259,259,,,1,4,22,
255,260,260,,,1,102,40,
314,261,261,,,1,48,32,
274,262,262,,,1,95,69,
232,263,263,,,0,105,44,
295,264,264,,,0,22,20,
19,265,265,,,1,119,25,
209,266,266,,,0,90,45,
31,267,267,,,1,125,85,
161,268,268,,,0,93,3,
109,269,269,,,0,34,30,
161,270,270,,,0,78,3,
249,271,271,,,0,6,28,
318,272,272,,,0,102,26,
288,273,273,,,1,92,60,
288,274,274,,,1,126,60,
330,275,275,,,1,127,41,
330,276,276,,,1,71,41,
253,277,277,,,0,38,62,
209,278,278,,,0,26,45,
244,279,279,,,1,1,1,
180,280,280,,,0,23,43,
167,281,281,,,1,15,5,
224,282,282,,,0,128,86,
256,283,283,,,0,129,38,
325,284,284,,,1,109,17,
225,285,285,,,1,130,15,
233,286,286,,,1,43,4,
288,287,287,,,1,79,60,
208,288,288,,,1,26,22,
292,289,289,,,1,12,66,
258,290,290,,,1,13,12,
147,291,291,,,1,91,55,
147,292,292,,,1,73,55,
242,293,293,,,1,67,76,
335,294,294,,,1,131,39,
275,295,295,,,1,68,51,
18,296,296,,,0,119,13,
19,297,297,,,1,84,25,
209,298,298,,,0,63,45,
249,299,299,,,0,6,28,
24,300,300,,,1,132,46,
280,301,301,,,0,28,14,
303,302,302,,,0,126,21,
68,303,303,,,1,133,87,
109,304,304,,,0,77,30,
167,305,305,,,1,3,5,
341,306,306,,,1,64,52,
245,307,307,,,0,100,18,
324,308,308,,,1,52,16,
315,309,309,,,0,94,2,
145,310,310,,,1,75,74,
168,311,311,,,1,134,65,
210,312,312,,,0,135,19,
249,313,313,,,0,30,28,
250,314,314,,,1,103,56,
217,315,315,,,1,21,49,
275,316,316,,,1,40,51,
18,317,317,,,0,22,13,
180,318,318,,,0,118,43,
144,319,319,,,0,6,33,
316,320,320,,,1,136,6,
24,321,321,,,1,137,46,
160,322,322,,,0,138,88,
337,323,323,,,1,139,47,
128,324,324,,,0,94,68,
161,325,325,,,0,73,3,
147,326,326,,,1,73,55,
209,327,327,,,0,140,45,
208,328,328,,,1,90,22,
336,329,329,,,0,72,9,
307,330,330,,,1,141,7,
292,331,331,,,1,92,66,
256,332,332,,,0,142,38,
292,333,333,,,1,24,66,
303,334,334,,,0,12,21,
313,335,335,,,0,59,48,
302,336,336,,,1,24,64,
244,337,337,,,1,74,1,
210,338,338,,,0,62,19,
151,339,339,,,1,30,50,
180,340,340,,,0,23,43,
167,341,341,,,1,15,5,
127,342,342,,,1,143,79,
320,343,343,,,0,126,23,
171,344,344,,,1,93,72,
242,345,345,,,1,67,76,
150,346,346,,,0,65,57,
314,347,347,,,1,57,32,
217,348,348,,,1,21,49,
321,349,349,,,0,121,89,
225,350,350,,,1,142,15,
23,351,351,,,1,144,36,
18,352,352,,,0,84,13,
318,353,353,,,0,120,26,
337,354,354,,,1,139,47,
209,355,355,,,0,90,45,
290,356,356,,,1,68,35,
318,357,357,,,0,102,26,
291,358,358,,,0,145,11,
297,359,359,,,0,108,61,
233,360,360,,,1,59,4,
249,361,361,,,0,67,28,
180,362,362,,,0,50,43,
293,363,363,,,0,71,81,
249,364,364,,,0,43,28,
109,365,365,,,0,34,30,
280,366,366,,,0,14,14,
185,367,367,,,1,66,31,
275,368,368,,,1,124,51,
171,369,369,,,1,93,72,
244,370,370,,,1,105,1,
320,371,371,,,0,60,23,
171,372,372,,,1,73,72,
241,373,373,,,1,59,54,
324,374,374,,,1,81,16,
325,375,375,,,1,146,17,
147,376,376,,,1,103,55,
275,377,377,,,1,47,51,
171,378,378,,,1,78,72,
145,379,379,,,1,75,74,
302,380,380,,,1,12,64,
161,381,381,,,0,15,3,
241,382,382,,,1,85,54,
295,383,383,,,0,40,20,
259,384,384,,,0,9,8,
249,385,385,,,0,43,28,
280,386,386,,,0,35,14,
185,387,387,,,1,35,31,
319,388,388,,,0,97,90,
307,389,389,,,1,141,7,
19,390,390,,,1,119,25,
208,391,391,,,1,26,22,
289,392,392,,,0,123,91,
265,393,393,,,0,122,92,
255,394,394,,,1,59,40,
23,395,395,,,1,61,36,
180,396,396,,,0,32,43,
295,397,397,,,0,118,20,
18,398,398,,,0,119,13,
209,399,399,,,0,63,45,
233,400,400,,,1,97,4,
316,401,401,,,1,145,6,
255,402,402,,,1,97,40,
167,403,403,,,1,143,5,
22,404,404,,,0,53,73,
275,405,405,,,1,66,51,
114,406,406,,,1,147,80,
326,407,407,,,0,148,75,
318,408,408,,,0,97,26,
233,409,409,,,1,59,4,
180,410,410,,,0,141,43,
338,411,411,,,0,31,27,
280,412,412,,,0,124,14,
280,413,413,,,0,66,14,
245,414,414,,,0,100,18,
208,415,415,,,1,63,22,
151,416,416,,,1,87,50,
208,417,417,,,1,63,22,
23,418,418,,,1,144,36,
259,419,419,,,0,9,8,
295,420,420,,,0,35,20,
171,421,421,,,1,91,72,
210,422,422,,,0,62,19,
109,423,423,,,0,147,30,
335,424,424,,,1,36,39,
295,425,425,,,0,124,20,
280,426,426,,,0,66,14,
314,427,427,,,1,48,32,
233,428,428,,,1,6,4,
185,429,429,,,1,46,31,
336,430,430,,,0,104,9,
245,431,431,,,0,100,18,
25,432,432,,,0,137,93,
128,433,433,,,0,149,68,
341,434,434,,,1,9,52,
307,435,435,,,1,55,7,
325,436,436,,,1,109,17,
19,437,437,,,1,119,25,
19,438,438,,,1,150,25,
22,439,439,,,0,42,73,
290,440,440,,,1,111,35,
335,441,441,,,1,36,39,
259,442,442,,,0,64,8,
209,443,443,,,0,26,45,
19,444,444,,,1,68,25,
147,445,445,,,1,59,55,
291,446,446,,,0,79,11,
147,447,447,,,1,15,55,
325,448,448,,,1,148,17,
307,449,449,,,1,151,7,
209,450,450,,,0,140,45,
280,451,451,,,0,16,14,
314,452,452,,,1,57,32,
332,453,453,,,0,33,29,
244,454,454,,,1,74,1,
208,455,455,,,1,140,22,
249,456,456,,,0,59,28,
318,457,457,,,0,82,26,
18,458,458,,,0,84,13,
264,459,459,,,1,4,94,
144,460,460,,,0,103,33,
303,461,461,,,0,41,21,
233,462,462,,,1,43,4,
330,463,463,,,1,127,41,
25,464,464,,,0,132,93,
274,465,465,,,1,106,69,
341,466,466,,,1,113,52,
233,467,467,,,1,6,4,
339,468,468,,,1,117,82,
315,469,469,,,0,48,2,
171,470,470,,,1,74,72,
243,471,471,,,1,152,95,
256,472,472,,,0,45,38,
290,473,473,,,1,118,35,
335,474,474,,,1,37,39,
232,475,475,,,0,87,44,
225,476,476,,,1,45,15,
24,477,477,,,1,137,46,
18,478,478,,,0,150,13,
266,479,479,,,0,93,96,
209,480,480,,,0,93,45,
208,481,481,,,1,63,22,
303,482,482,,,0,153,21,
289,483,483,,,0,154,91,
18,484,484,,,0,84,13,
302,485,485,,,1,25,64,
253,486,486,,,0,4,62,
291,487,487,,,0,153,11,
225,488,488,,,1,129,15,
244,489,489,,,1,48,1,
22,490,490,,,0,42,73,
335,491,491,,,1,37,39,
31,492,492,,,1,155,85,
300,493,493,,,1,80,97,
314,494,494,,,1,48,32,
186,495,495,,,0,118,24,
244,496,496,,,1,87,1,
25,497,497,,,0,56,93,
322,498,498,,,1,156,83,
302,499,499,,,1,25,64,
128,500,500,,,0,73,68,
334,501,501,,,1,157,98,
280,502,502,,,0,16,14,
180,503,503,,,0,110,43,
225,504,504,,,1,129,15,
127,505,505,,,1,149,79,
325,506,506,,,1,49,17,
249,507,507,,,0,6,28,
290,508,508,,,1,27,35,
255,509,509,,,1,120,40,
265,510,510,,,0,158,92,
337,511,511,,,1,10,47,
232,512,512,,,0,74,44,
337,513,513,,,1,39,47,
256,514,514,,,0,129,38,
295,515,515,,,0,46,20,
240,516,516,,,1,159,59,
300,517,517,,,1,108,97,
128,518,518,,,0,15,68,
245,519,519,,,0,20,18,
249,520,520,,,0,87,28,
290,521,521,,,1,28,35,
161,522,522,,,0,67,3,
324,523,523,,,1,18,16,
320,524,524,,,0,24,23,
295,525,525,,,0,28,20,
241,526,526,,,1,89,54,
295,527,527,,,0,119,20,
314,528,528,,,1,82,32,
128,529,529,,,0,74,68,
180,530,530,,,0,141,43,
316,531,531,,,1,92,6,
314,532,532,,,1,2,32,
275,533,533,,,1,124,51,
267,534,534,,,0,44,37,
297,535,535,,,0,80,61,
243,536,536,,,1,152,95,
186,537,537,,,0,66,24,
290,538,538,,,1,124,35,
68,539,539,,,1,160,87,
297,540,540,,,0,112,61,
109,541,541,,,0,77,30,
292,542,542,,,1,41,66,
303,543,543,,,0,12,21,
337,544,544,,,1,161,47,
209,545,545,,,0,26,45,
326,546,546,,,0,109,75,
284,547,547,,,0,106,70,
244,548,548,,,1,74,1,
300,549,549,,,1,114,97,
210,550,550,,,0,162,19,
291,551,551,,,0,25,11,
233,552,552,,,1,43,4,
255,553,553,,,1,89,40,
295,554,554,,,0,46,20,
237,555,555,,,1,140,10,
167,556,556,,,1,73,5,
324,557,557,,,1,52,16,
180,558,558,,,0,55,43,
340,559,559,,,0,157,99,
180,560,560,,,0,151,43,
326,561,561,,,0,76,75,
318,562,562,,,0,85,26,
321,563,563,,,0,121,89,
224,564,564,,,0,128,86,
301,565,565,,,0,155,100,
232,566,566,,,0,105,44,
208,567,567,,,1,26,22,
19,568,568,,,1,83,25,
19,569,569,,,1,124,25,
330,570,570,,,1,71,41,
242,571,571,,,1,96,76,
23,572,572,,,1,61,36,
280,573,573,,,0,124,14,
259,574,574,,,0,9,8,
18,575,575,,,0,163,13,
274,576,576,,,1,106,69,
297,577,577,,,0,114,61,
264,578,578,,,1,82,94,
208,579,579,,,1,93,22,
318,580,580,,,0,26,26,
259,581,581,,,0,9,8,
322,582,582,,,1,121,83,
147,583,583,,,1,74,55,
284,584,584,,,0,95,70,
280,585,585,,,0,14,14,
336,586,586,,,0,39,9,
341,587,587,,,1,64,52,
114,588,588,,,1,34,80,
336,589,589,,,0,139,9,
323,590,590,,,0,18,42,
292,591,591,,,1,12,66,
18,592,592,,,0,150,13,
262,593,593,,,0,107,67,
316,594,594,,,1,126,6,
291,595,595,,,0,24,11,
217,596,596,,,1,135,49,
275,597,597,,,1,14,51,
18,598,598,,,0,119,13,
186,599,599,,,0,27,24,
31,600,600,,,1,155,85,
22,601,601,,,0,61,73,
185,602,602,,,1,14,31,
186,603,603,,,0,35,24,
280,604,604,,,0,68,14,
256,605,605,,,0,17,38,
318,606,606,,,0,102,26,
292,607,607,,,1,126,66,
224,608,608,,,0,78,86,
300,609,609,,,1,80,97,
341,610,610,,,1,64,52,
147,611,611,,,1,59,55,
271,612,612,,,1,164,58,
240,613,613,,,1,159,59,
295,614,614,,,0,46,20,
228,615,615,,,1,100,34,
127,616,616,,,1,93,79,
19,617,617,,,1,84,25,
31,618,618,,,1,155,85,
300,619,619,,,1,112,97,
209,620,620,,,0,91,45,
316,621,621,,,1,60,6,
262,622,622,,,0,54,67,
150,623,623,,,0,75,57,
295,624,624,,,0,111,20,
290,625,625,,,1,118,35,
293,626,626,,,0,127,81,
259,627,627,,,0,9,8,
290,628,628,,,1,16,35,
336,629,629,,,0,161,9,
280,630,630,,,0,35,14,
334,631,631,,,1,165,98,
291,632,632,,,0,126,11,
180,633,633,,,0,55,43,
232,634,634,,,0,105,44,
336,635,635,,,0,104,9,
301,636,636,,,0,155,100,
151,637,637,,,1,38,50,
180,638,638,,,0,55,43,
241,639,639,,,1,120,54,
19,640,640,,,1,83,25,
301,641,641,,,0,125,100,
295,642,642,,,0,27,20,
262,643,643,,,0,166,67,
180,644,644,,,0,50,43,
249,645,645,,,0,91,28,
332,646,646,,,0,131,29,
338,647,647,,,0,167,27,
224,648,648,,,0,78,86,
22,649,649,,,0,53,73,
262,650,650,,,0,168,67,
267,651,651,,,0,164,37,
24,652,652,,,1,132,46,
245,653,653,,,0,139,18,
240,654,654,,,1,143,59,
210,655,655,,,0,21,19,
307,656,656,,,1,50,7,
307,657,657,,,1,151,7,
301,658,658,,,0,169,100,
299,659,659,,,0,24,63,
233,660,660,,,1,6,4,
168,661,661,,,1,138,65,
337,662,662,,,1,101,47,
161,663,663,,,0,93,3,
307,664,664,,,1,110,7,
291,665,665,,,0,145,11,
18,666,666,,,0,83,13,
258,667,667,,,1,107,12,
297,668,668,,,0,80,61,
302,669,669,,,1,126,64,
290,670,670,,,1,22,35,
295,671,671,,,0,16,20,
185,672,672,,,1,124,31,
151,673,673,,,1,38,50,
249,674,674,,,0,97,28,
168,675,675,,,1,138,65,
249,676,676,,,0,43,28,
295,677,677,,,0,28,20,
19,678,678,,,1,84,25,
332,679,679,,,0,33,29,
335,680,680,,,1,131,39,
233,681,681,,,1,94,4,
180,682,682,,,0,151,43,
249,683,683,,,0,6,28,
307,684,684,,,1,141,7,
295,685,685,,,0,124,20,
167,686,686,,,1,90,5,
180,687,687,,,0,151,43,
337,688,688,,,1,72,47,
255,689,689,,,1,91,40,
255,690,690,,,1,29,40,
337,691,691,,,1,161,47,
245,692,692,,,0,100,18,
297,693,693,,,0,80,61,
303,694,694,,,0,88,21,
324,695,695,,,1,18,16,
262,696,696,,,0,13,67,
180,697,697,,,0,141,43,
217,698,698,,,1,135,49,
265,699,699,,,0,158,92,
320,700,700,,,0,60,23,
318,701,701,,,0,91,26,
275,702,702,,,1,35,51,
304,703,703,,,1,58,71,
295,704,704,,,0,66,20,
224,705,705,,,0,159,86,
280,706,706,,,0,150,14,
293,707,707,,,0,51,81,
23,708,708,,,1,53,36,
208,709,709,,,1,63,22,
303,710,710,,,0,92,21,
262,711,711,,,0,115,67,
280,712,712,,,0,47,14,
302,713,713,,,1,145,64,
330,714,714,,,1,51,41,
145,715,715,,,1,75,74,
209,716,716,,,0,63,45,
255,717,717,,,1,94,40,
209,718,718,,,0,43,45,
167,719,719,,,1,149,5,
299,720,720,,,0,126,63,
208,721,721,,,1,26,22,
293,722,722,,,0,127,81,
209,723,723,,,0,26,45,
315,724,724,,,0,57,2,
209,725,725,,,0,4,45,
245,726,726,,,0,33,18,
209,727,727,,,0,63,45,
161,728,728,,,0,93,3,
160,729,729,,,0,134,88,
315,730,730,,,0,2,2,
18,731,731,,,0,84,13,
232,732,732,,,0,74,44,
167,733,733,,,1,90,5,
336,734,734,,,0,139,9,
208,735,735,,,1,4,22,
324,736,736,,,1,52,16,
151,737,737,,,1,70,50,
307,738,738,,,1,141,7,
185,739,739,,,1,68,31,
232,740,740,,,0,105,44,
280,741,741,,,0,66,14,
253,742,742,,,0,103,62,
151,743,743,,,1,38,50,
225,744,744,,,1,17,15,
255,745,745,,,1,82,40,
302,746,746,,,1,60,64,
320,747,747,,,0,136,23,
289,748,748,,,0,140,91,
318,749,749,,,0,97,26,
19,750,750,,,1,84,25,
233,751,751,,,1,90,4,
307,752,752,,,1,170,7,
233,753,753,,,1,4,4,
233,754,754,,,1,6,4,
167,755,755,,,1,65,5,
160,756,756,,,0,86,88,
335,757,757,,,1,131,39,
128,758,758,,,0,103,68,
167,759,759,,,1,103,5,
160,760,760,,,0,86,88,
161,761,761,,,0,70,3,
185,762,762,,,1,111,31,
300,763,763,,,1,80,97,
337,764,764,,,1,104,47,
303,765,765,,,0,92,21,
186,766,766,,,0,111,24,
180,767,767,,,0,50,43,
292,768,768,,,1,79,66,
127,769,769,,,1,3,79,
185,770,770,,,1,47,31,
315,771,771,,,0,57,2,
325,772,772,,,1,19,17,
253,773,773,,,0,38,62,
19,774,774,,,1,84,25,
208,775,775,,,1,90,22,
167,776,776,,,1,15,5,
315,777,777,,,0,2,2,
307,778,778,,,1,50,7,
274,779,779,,,1,106,69,
300,780,780,,,1,108,97,
341,781,781,,,1,171,52,
208,782,782,,,1,43,22,
19,783,783,,,1,163,25,
18,784,784,,,0,40,13,
330,785,785,,,1,51,41,
209,786,786,,,0,90,45,
325,787,787,,,1,172,17,
307,788,788,,,1,170,7,
280,789,789,,,0,66,14,
302,790,790,,,1,153,64,
337,791,791,,,1,72,47,
318,792,792,,,0,96,26,
31,793,793,,,1,169,85,
160,794,794,,,0,138,88,
144,795,795,,,0,70,33,
224,796,796,,,0,128,86,
147,797,797,,,1,38,55,
228,798,798,,,1,99,34,
341,799,799,,,1,9,52,
242,800,800,,,1,97,76,
224,801,801,,,0,74,86,
144,802,802,,,0,82,33,
255,803,803,,,1,120,40,
280,804,804,,,0,28,14,
160,805,805,,,0,138,88,
318,806,806,,,0,96,26,
289,807,807,,,0,173,91,
209,808,808,,,0,140,45,
341,809,809,,,1,9,52,
323,810,810,,,0,18,42,
318,811,811,,,0,96,26,
151,812,812,,,1,38,50,
18,813,813,,,0,84,13,
19,814,814,,,1,150,25,
290,815,815,,,1,28,35,
171,816,816,,,1,30,72,
145,817,817,,,1,75,74,
318,818,818,,,0,26,26,
280,819,819,,,0,40,14,
315,820,820,,,0,57,2,
245,821,821,,,0,20,18,
256,822,822,,,0,17,38,
307,823,823,,,1,151,7,
23,824,824,,,1,144,36,
232,825,825,,,0,1,44,
301,826,826,,,0,155,100,
255,827,827,,,1,29,40,
228,828,828,,,1,100,34,
290,829,829,,,1,111,35,
249,830,830,,,0,30,28,
249,831,831,,,0,75,28,
288,832,832,,,1,41,60,
275,833,833,,,1,83,51,
259,834,834,,,0,64,8,
237,835,835,,,1,154,10,
303,836,836,,,0,24,21,
160,837,837,,,0,134,88,
209,838,838,,,0,90,45,
256,839,839,,,0,129,38,
242,840,840,,,1,89,76,
274,841,841,,,1,95,69,
185,842,842,,,1,35,31,
224,843,843,,,0,159,86,
324,844,844,,,1,52,16,
325,845,845,,,1,116,17,
318,846,846,,,0,97,26,
318,847,847,,,0,93,26,
341,848,848,,,1,113,52,
161,849,849,,,0,74,3,
274,850,850,,,1,98,69,
249,851,851,,,0,6,28,
313,852,852,,,0,38,48,
144,853,853,,,0,38,33,
240,854,854,,,1,78,59,
180,855,855,,,0,170,43,
127,856,856,,,1,65,79,
19,857,857,,,1,40,25,
318,858,858,,,0,29,26,
180,859,859,,,0,23,43,
289,860,860,,,0,174,91,
275,861,861,,,1,68,51,
301,862,862,,,0,169,100,
255,863,863,,,1,102,40,
210,864,864,,,0,21,19,
313,865,865,,,0,73,48,
307,866,866,,,1,23,7,
171,867,867,,,1,15,72,
265,868,868,,,0,158,92,
292,869,869,,,1,24,66,
275,870,870,,,1,16,51,
249,871,871,,,0,6,28,
301,872,872,,,0,125,100,
224,873,873,,,0,159,86,
180,874,874,,,0,32,43,
144,875,875,,,0,38,33,
171,876,876,,,1,30,72,
267,877,877,,,0,44,37,
31,878,878,,,1,169,85,
18,879,879,,,0,28,13,
160,880,880,,,0,86,88,
323,881,881,,,0,81,42,
249,882,882,,,0,43,28,
18,883,883,,,0,119,13,
241,884,884,,,1,102,54,
336,885,885,,,0,161,9,
228,886,886,,,1,20,34,
313,887,887,,,0,59,48,
255,888,888,,,1,26,40,
307,889,889,,,1,110,7,
280,890,890,,,0,83,14,
275,891,891,,,1,47,51,
270,892,892,,,1,158,101,
233,893,893,,,1,6,4,
326,894,894,,,0,19,75,
288,895,895,,,1,12,60,
315,896,896,,,0,57,2,
293,897,897,,,0,51,81,
303,898,898,,,0,25,21,
320,899,899,,,0,126,23,
18,900,900,,,0,84,13,
339,901,901,,,1,175,82,
290,902,902,,,1,46,35,
339,903,903,,,1,31,82,
240,904,904,,,1,128,59,
268,905,905,,,1,91,78,
209,906,906,,,0,63,45,
19,907,907,,,1,163,25,
318,908,908,,,0,29,26,
228,909,909,,,1,100,34,
18,910,910,,,0,150,13,
208,911,911,,,1,90,22,
209,912,912,,,0,26,45,
289,913,913,,,0,123,91,
31,914,914,,,1,125,85,
271,915,915,,,1,164,58,
316,916,916,,,1,60,6,
255,917,917,,,1,70,40,
335,918,918,,,1,33,39,
151,919,919,,,1,6,50,
208,920,920,,,1,63,22,
228,921,921,,,1,100,34,
300,922,922,,,1,80,97,
266,923,923,,,0,78,96,
151,924,924,,,1,87,50,
336,925,925,,,0,10,9,
275,926,926,,,1,68,51,
249,927,927,,,0,4,28,
280,928,928,,,0,27,14,
295,929,929,,,0,14,20,
288,930,930,,,1,153,60,
151,931,931,,,1,103,50,
19,932,932,,,1,40,25,
249,933,933,,,0,43,28,
245,934,934,,,0,100,18,
338,935,935,,,0,175,27,
114,936,936,,,1,147,80,
338,937,937,,,0,175,27,
180,938,938,,,0,23,43,
265,939,939,,,0,158,92,
208,940,940,,,1,140,22,
307,941,941,,,1,55,7,
114,942,942,,,1,147,80,
151,943,943,,,1,70,50,
302,944,944,,,1,145,64,
341,945,945,,,1,64,52,
24,946,946,,,1,56,46,
18,947,947,,,0,124,13,
255,948,948,,,1,29,40,
244,949,949,,,1,48,1,
303,950,950,,,0,24,21,
180,951,951,,,0,55,43,
259,952,952,,,0,171,8,
217,953,953,,,1,162,49,
114,954,954,,,1,77,80,
241,955,955,,,1,15,54,
180,956,956,,,0,55,43,
318,957,957,,,0,4,26,
250,958,958,,,1,38,56,
336,959,959,,,0,101,9,
186,960,960,,,0,35,24,
335,961,961,,,1,36,39,
314,962,962,,,1,48,32,
18,963,963,,,0,119,13,
333,964,964,,,1,69,102,
264,965,965,,,1,87,94,
295,966,966,,,0,47,20,
245,967,967,,,0,99,18,
297,968,968,,,0,112,61,
295,969,969,,,0,118,20,
253,970,970,,,0,38,62,
311,971,971,,,0,91,77,
319,972,972,,,0,97,90,
208,973,973,,,1,63,22,
208,974,974,,,1,90,22,
275,975,975,,,1,28,51,
315,976,976,,,0,48,2,
18,977,977,,,0,119,13,
114,978,978,,,1,77,80,
274,979,979,,,1,95,69,
245,980,980,,,0,99,18,
323,981,981,,,0,81,42,
128,982,982,,,0,59,68,
167,983,983,,,1,90,5,
109,984,984,,,0,77,30,
250,985,985,,,1,143,56,
208,986,986,,,1,63,22,
293,987,987,,,0,127,81,
109,988,988,,,0,77,30,
233,989,989,,,1,85,4,
240,990,990,,,1,159,59,
275,991,991,,,1,150,51,
336,992,992,,,0,72,9,
180,993,993,,,0,170,43,
167,994,994,,,1,5,5,
31,995,995,,,1,155,85,
259,996,996,,,0,113,8,
19,997,997,,,1,119,25,
210,998,998,,,0,162,19,
303,999,999,,,0,79,21,
262,1000,1000,,,0,166,67,
245,1001,1001,,,0,20,18,
241,1002,1002,,,1,59,54,
292,1003,1003,,,1,92,66,
180,1004,1004,,,0,151,43,
109,1005,1005,,,0,77,30,
171,1006,1006,,,1,70,72,
326,1007,1007,,,0,49,75,
128,1008,1008,,,0,15,68,
128,1009,1009,,,0,15,68,
109,1010,1010,,,0,77,30,
237,1011,1011,,,1,154,10,
245,1012,1012,,,0,72,18,
161,1013,1013,,,0,15,3,
232,1014,1014,,,0,1,44,
208,1015,1015,,,1,43,22,
319,1016,1016,,,0,70,90,
318,1017,1017,,,0,120,26,
186,1018,1018,,,0,118,24,
209,1019,1019,,,0,26,45,
186,1020,1020,,,0,16,24,
185,1021,1021,,,1,14,31,
18,1022,1022,,,0,47,13,
208,1023,1023,,,1,91,22,
19,1024,1024,,,1,150,25,
258,1025,1025,,,1,115,12,
127,1026,1026,,,1,3,79,
225,1027,1027,,,1,45,15,
307,1028,1028,,,1,50,7,
318,1029,1029,,,0,6,26,
249,1030,1030,,,0,6,28,
208,1031,1031,,,1,140,22,
109,1032,1032,,,0,34,30,
233,1033,1033,,,1,6,4,
209,1034,1034,,,0,90,45,
259,1035,1035,,,0,171,8,
19,1036,1036,,,1,84,25,
274,1037,1037,,,1,106,69,
144,1038,1038,,,0,97,33,
341,1039,1039,,,1,113,52,
25,1040,1040,,,0,56,93,
293,1041,1041,,,0,71,81,
293,1042,1042,,,0,51,81,
225,1043,1043,,,1,142,15,
318,1044,1044,,,0,120,26,
305,1045,1045,,,0,10,103,
154,1046,1046,,,1,176,104,
19,1047,1047,,,1,14,25,
275,1048,1048,,,1,66,51,
336,1049,1049,,,0,72,9,
168,1050,1050,,,1,86,65,
262,1051,1051,,,0,115,67,
275,1052,1052,,,1,124,51,
240,1053,1053,,,1,128,59,
240,1054,1054,,,1,128,59,
209,1055,1055,,,0,63,45,
291,1056,1056,,,0,7,11,
180,1057,1057,,,0,8,43,
210,1058,1058,,,0,21,19,
237,1059,1059,,,1,173,10,
318,1060,1060,,,0,102,26,
241,1061,1061,,,1,73,54,
315,1062,1062,,,0,2,2,
19,1063,1063,,,1,150,25,
290,1064,1064,,,1,163,35,
318,1065,1065,,,0,102,26,
302,1066,1066,,,1,79,64,
240,1067,1067,,,1,78,59,
209,1068,1068,,,0,93,45,
307,1069,1069,,,1,23,7,
307,1070,1070,,,1,8,7,
180,1071,1071,,,0,110,43,
332,1072,1072,,,0,36,29,
208,1073,1073,,,1,140,22,
23,1074,1074,,,1,42,36,
341,1075,1075,,,1,9,52,
242,1076,1076,,,1,26,76,
243,1077,1077,,,1,122,95,
171,1078,1078,,,1,38,72,
167,1079,1079,,,1,143,5,
225,1080,1080,,,1,129,15,
307,1081,1081,,,1,55,7,
336,1082,1082,,,0,177,9,
284,1083,1083,,,0,95,70,
208,1084,1084,,,1,93,22,
19,1085,1085,,,1,47,25,
167,1086,1086,,,1,149,5,
210,1087,1087,,,0,135,19,
228,1088,1088,,,1,20,34,
18,1089,1089,,,0,84,13,
114,1090,1090,,,1,34,80,
161,1091,1091,,,0,38,3,
249,1092,1092,,,0,4,28,
245,1093,1093,,,0,99,18,
18,1094,1094,,,0,119,13,
228,1095,1095,,,1,139,34,
22,1096,1096,,,0,53,73,
326,1097,1097,,,0,76,75,
299,1098,1098,,,0,12,63,
240,1099,1099,,,1,78,59,
224,1100,1100,,,0,78,86,
337,1101,1101,,,1,101,47,
288,1102,1102,,,1,24,60,
271,1103,1103,,,1,164,58,
338,1104,1104,,,0,167,27,
251,1105,1105,,,0,122,84,
280,1106,1106,,,0,68,14,
128,1107,1107,,,0,59,68,
241,1108,1108,,,1,96,54,
180,1109,1109,,,0,151,43,
307,1110,1110,,,1,32,7,
167,1111,1111,,,1,3,5,
144,1112,1112,,,0,87,33,
302,1113,1113,,,1,126,64,
209,1114,1114,,,0,4,45,
228,1115,1115,,,1,99,34,
24,1116,1116,,,1,137,46,
255,1117,1117,,,1,59,40,
180,1118,1118,,,0,50,43,
232,1119,1119,,,0,1,44,
244,1120,1120,,,1,1,1,
180,1121,1121,,,0,151,43,
323,1122,1122,,,0,52,42,
18,1123,1123,,,0,118,13,
275,1124,1124,,,1,83,51,
295,1125,1125,,,0,46,20,
186,1126,1126,,,0,27,24,
275,1127,1127,,,1,16,51,
244,1128,1128,,,1,105,1,
262,1129,1129,,,0,54,67,
167,1130,1130,,,1,143,5,
290,1131,1131,,,1,66,35,
340,1132,1132,,,0,157,99,
270,1133,1133,,,1,158,101,
128,1134,1134,,,0,3,68,
217,1135,1135,,,1,62,49,
290,1136,1136,,,1,40,35,
330,1137,1137,,,1,127,41,
275,1138,1138,,,1,35,51,
245,1139,1139,,,0,99,18,
314,1140,1140,,,1,94,32,
318,1141,1141,,,0,91,26,
256,1142,1142,,,0,142,38,
313,1143,1143,,,0,87,48,
208,1144,1144,,,1,4,22,
292,1145,1145,,,1,79,66,
289,1146,1146,,,0,154,91,
18,1147,1147,,,0,22,13,
255,1148,1148,,,1,6,40,
186,1149,1149,,,0,46,24,
284,1150,1150,,,0,95,70,
208,1151,1151,,,1,63,22,
314,1152,1152,,,1,82,32,
288,1153,1153,,,1,24,60,
228,1154,1154,,,1,100,34,
208,1155,1155,,,1,26,22,
318,1156,1156,,,0,67,26,
144,1157,1157,,,0,30,33,
245,1158,1158,,,0,99,18,
319,1159,1159,,,0,102,90,
280,1160,1160,,,0,16,14,
336,1161,1161,,,0,58,9,
316,1162,1162,,,1,126,6,
267,1163,1163,,,0,164,37,
237,1164,1164,,,1,123,10,
186,1165,1165,,,0,35,24,
333,1166,1166,,,1,178,102,
19,1167,1167,,,1,28,25,
259,1168,1168,,,0,113,8,
128,1169,1169,,,0,103,68,
291,1170,1170,,,0,136,11,
299,1171,1171,,,0,24,63,
300,1172,1172,,,1,112,97,
300,1173,1173,,,1,112,97,
315,1174,1174,,,0,57,2,
280,1175,1175,,,0,46,14,
300,1176,1176,,,1,112,97,
307,1177,1177,,,1,151,7,
18,1178,1178,,,0,150,13,
22,1179,1179,,,0,53,73,
314,1180,1180,,,1,2,32,
303,1181,1181,,,0,79,21,
307,1182,1182,,,1,8,7,
249,1183,1183,,,0,94,28,
18,1184,1184,,,0,68,13,
249,1185,1185,,,0,59,28,
275,1186,1186,,,1,27,51,
284,1187,1187,,,0,95,70,
249,1188,1188,,,0,59,28,
299,1189,1189,,,0,92,63,
147,1190,1190,,,1,82,55,
332,1191,1191,,,0,36,29,
180,1192,1192,,,0,141,43,
293,1193,1193,,,0,51,81,
128,1194,1194,,,0,30,68,
341,1195,1195,,,1,113,52,
209,1196,1196,,,0,4,45,
288,1197,1197,,,1,24,60,
185,1198,1198,,,1,16,31,
186,1199,1199,,,0,163,24,
23,1200,1200,,,1,53,36,
147,1201,1201,,,1,3,55,
307,1202,1202,,,1,55,7,
253,1203,1203,,,0,59,62,
299,1204,1204,,,0,79,63,
233,1205,1205,,,1,85,4,
180,1206,1206,,,0,8,43,
255,1207,1207,,,1,29,40,
292,1208,1208,,,1,79,66,
240,1209,1209,,,1,159,59,
186,1210,1210,,,0,111,24,
275,1211,1211,,,1,35,51,
217,1212,1212,,,1,135,49,
208,1213,1213,,,1,26,22,
244,1214,1214,,,1,1,1,
228,1215,1215,,,1,20,34,
290,1216,1216,,,1,40,35,
225,1217,1217,,,1,17,15,
209,1218,1218,,,0,4,45,
326,1219,1219,,,0,116,75,
167,1220,1220,,,1,149,5,
259,1221,1221,,,0,171,8,
307,1222,1222,,,1,118,7,
297,1223,1223,,,0,114,61,
232,1224,1224,,,0,87,44,
209,1225,1225,,,0,63,45,
339,1226,1226,,,1,167,82,
318,1227,1227,,,0,91,26,
167,1228,1228,,,1,15,5,
258,1229,1229,,,1,107,12,
233,1230,1230,,,1,43,4,
338,1231,1231,,,0,117,27,
225,1232,1232,,,1,142,15,
232,1233,1233,,,0,1,44,
244,1234,1234,,,1,105,1,
289,1235,1235,,,0,140,91,
23,1236,1236,,,1,42,36,
180,1237,1237,,,0,110,43,
314,1238,1238,,,1,48,32,
302,1239,1239,,,1,7,64,
208,1240,1240,,,1,63,22,
180,1241,1241,,,0,32,43,
250,1242,1242,,,1,59,56,
147,1243,1243,,,1,30,55,
161,1244,1244,,,0,30,3,
18,1245,1245,,,0,40,13,
209,1246,1246,,,0,140,45,
280,1247,1247,,,0,124,14,
275,1248,1248,,,1,16,51,
256,1249,1249,,,0,17,38,
180,1250,1250,,,0,32,43,
224,1251,1251,,,0,159,86,
232,1252,1252,,,0,74,44,
151,1253,1253,,,1,87,50,
127,1254,1254,,,1,143,79,
151,1255,1255,,,1,82,50,
321,1256,1256,,,0,156,89,
318,1257,1257,,,0,89,26,
114,1258,1258,,,1,77,80,
255,1259,1259,,,1,38,40,
160,1260,1260,,,0,134,88,
161,1261,1261,,,0,15,3,
280,1262,1262,,,0,40,14,
314,1263,1263,,,1,57,32,
114,1264,1264,,,1,34,80,
330,1265,1265,,,1,51,41,
255,1266,1266,,,1,96,40,
318,1267,1267,,,0,93,26,
256,1268,1268,,,0,45,38,
299,1269,1269,,,0,41,63,
144,1270,1270,,,0,103,33,
180,1271,1271,,,0,23,43,
168,1272,1272,,,1,134,65,
232,1273,1273,,,0,105,44,
154,1274,1274,,,1,176,104,
275,1275,1275,,,1,66,51,
290,1276,1276,,,1,46,35,
150,1277,1277,,,0,75,57,
326,1278,1278,,,0,179,75,
209,1279,1279,,,0,90,45,
180,1280,1280,,,0,32,43,
180,1281,1281,,,0,55,43,
180,1282,1282,,,0,110,43,
290,1283,1283,,,1,22,35,
255,1284,1284,,,1,96,40,
318,1285,1285,,,0,94,26,
167,1286,1286,,,1,3,5,
167,1287,1287,,,1,65,5,
284,1288,1288,,,0,95,70,
128,1289,1289,,,0,73,68,
258,1290,1290,,,1,168,12,
330,1291,1291,,,1,127,41,
209,1292,1292,,,0,26,45,
318,1293,1293,,,0,89,26,
249,1294,1294,,,0,43,28,
233,1295,1295,,,1,91,4,
339,1296,1296,,,1,175,82,
249,1297,1297,,,0,85,28,
275,1298,1298,,,1,150,51,
244,1299,1299,,,1,105,1,
315,1300,1300,,,0,74,2,
208,1301,1301,,,1,90,22,
307,1302,1302,,,1,141,7,
18,1303,1303,,,0,163,13,
167,1304,1304,,,1,15,5,
293,1305,1305,,,0,71,81,
241,1306,1306,,,1,91,54,
237,1307,1307,,,1,173,10,
208,1308,1308,,,1,90,22,
22,1309,1309,,,0,61,73,
168,1310,1310,,,1,134,65,
299,1311,1311,,,0,88,63,
319,1312,1312,,,0,102,90,
245,1313,1313,,,0,39,18,
150,1314,1314,,,0,75,57,
150,1315,1315,,,0,93,57,
228,1316,1316,,,1,139,34,
313,1317,1317,,,0,15,48,
24,1318,1318,,,1,56,46,
290,1319,1319,,,1,14,35,
144,1320,1320,,,0,70,33,
151,1321,1321,,,1,70,50,
259,1322,1322,,,0,171,8,
280,1323,1323,,,0,83,14,
167,1324,1324,,,1,149,5,
209,1325,1325,,,0,90,45,
290,1326,1326,,,1,27,35,
295,1327,1327,,,0,14,20,
255,1328,1328,,,1,120,40,
209,1329,1329,,,0,26,45,
264,1330,1330,,,1,90,94,
305,1331,1331,,,0,58,103,
335,1332,1332,,,1,131,39,
147,1333,1333,,,1,149,55,
314,1334,1334,,,1,2,32,
305,1335,1335,,,0,104,103,
168,1336,1336,,,1,86,65,
217,1337,1337,,,1,162,49,
209,1338,1338,,,0,93,45,
18,1339,1339,,,0,40,13,
274,1340,1340,,,1,95,69,
145,1341,1341,,,1,93,74,
160,1342,1342,,,0,134,88,
305,1343,1343,,,0,101,103,
31,1344,1344,,,1,169,85,
339,1345,1345,,,1,31,82,
209,1346,1346,,,0,63,45,
167,1347,1347,,,1,65,5,
341,1348,1348,,,1,171,52,
225,1349,1349,,,1,45,15,
128,1350,1350,,,0,73,68,
233,1351,1351,,,1,43,4,
297,1352,1352,,,0,108,61,
249,1353,1353,,,0,90,28,
185,1354,1354,,,1,27,31,
300,1355,1355,,,1,114,97,
305,1356,1356,,,0,177,103,
275,1357,1357,,,1,163,51,
275,1358,1358,,,1,46,51,
270,1359,1359,,,1,158,101,
280,1360,1360,,,0,150,14,
144,1361,1361,,,0,4,33,
341,1362,1362,,,1,9,52,
323,1363,1363,,,0,52,42,
233,1364,1364,,,1,43,4,
315,1365,1365,,,0,48,2,
290,1366,1366,,,1,118,35,
233,1367,1367,,,1,30,4,
271,1368,1368,,,1,44,58,
335,1369,1369,,,1,37,39,
336,1370,1370,,,0,161,9,
224,1371,1371,,,0,159,86,
244,1372,1372,,,1,74,1,
208,1373,1373,,,1,90,22,
171,1374,1374,,,1,85,72,
19,1375,1375,,,1,84,25,
255,1376,1376,,,1,70,40,
335,1377,1377,,,1,37,39,
224,1378,1378,,,0,70,86,
180,1379,1379,,,0,170,43,
208,1380,1380,,,1,26,22,
271,1381,1381,,,1,164,58,
228,1382,1382,,,1,36,34,
19,1383,1383,,,1,40,25,
332,1384,1384,,,0,36,29,
171,1385,1385,,,1,15,72,
255,1386,1386,,,1,59,40,
259,1387,1387,,,0,113,8,
151,1388,1388,,,1,103,50,
161,1389,1389,,,0,73,3,
250,1390,1390,,,1,38,56,
270,1391,1391,,,1,158,101,
147,1392,1392,,,1,15,55,
144,1393,1393,,,0,143,33,
307,1394,1394,,,1,8,7,
147,1395,1395,,,1,103,55,
255,1396,1396,,,1,102,40,
23,1397,1397,,,1,144,36,
22,1398,1398,,,0,144,73,
255,1399,1399,,,1,93,40,
323,1400,1400,,,0,18,42,
22,1401,1401,,,0,144,73,
301,1402,1402,,,0,169,100,
284,1403,1403,,,0,106,70,
128,1404,1404,,,0,4,68,
210,1405,1405,,,0,135,19,
228,1406,1406,,,1,99,34,
315,1407,1407,,,0,82,2,
185,1408,1408,,,1,22,31,
318,1409,1409,,,0,67,26,
228,1410,1410,,,1,20,34,
319,1411,1411,,,0,59,90,
266,1412,1412,,,0,4,96,
251,1413,1413,,,0,152,84,
313,1414,1414,,,0,94,48,
264,1415,1415,,,1,4,94,
326,1416,1416,,,0,49,75,
300,1417,1417,,,1,108,97,
233,1418,1418,,,1,85,4,
332,1419,1419,,,0,37,29,
299,1420,1420,,,0,12,63,
255,1421,1421,,,1,102,40,
318,1422,1422,,,0,96,26,
332,1423,1423,,,0,37,29,
256,1424,1424,,,0,142,38,
114,1425,1425,,,1,77,80,
144,1426,1426,,,0,87,33,
18,1427,1427,,,0,47,13,
255,1428,1428,,,1,89,40,
337,1429,1429,,,1,177,47,
171,1430,1430,,,1,73,72,
307,1431,1431,,,1,32,7,
233,1432,1432,,,1,6,4,
325,1433,1433,,,1,179,17,
185,1434,1434,,,1,118,31,
275,1435,1435,,,1,66,51,
335,1436,1436,,,1,33,39,
161,1437,1437,,,0,78,3,
266,1438,1438,,,0,90,96,
280,1439,1439,,,0,150,14,
180,1440,1440,,,0,50,43,
339,1441,1441,,,1,167,82,
249,1442,1442,,,0,6,28,
167,1443,1443,,,1,149,5,
109,1444,1444,,,0,147,30,
302,1445,1445,,,1,136,64,
185,1446,1446,,,1,119,31,
240,1447,1447,,,1,159,59,
307,1448,1448,,,1,110,7,
307,1449,1449,,,1,170,7,
336,1450,1450,,,0,177,9,
232,1451,1451,,,0,1,44,
280,1452,1452,,,0,68,14,
304,1453,1453,,,1,161,71,
19,1454,1454,,,1,119,25,
275,1455,1455,,,1,40,51,
307,1456,1456,,,1,170,7,
255,1457,1457,,,1,87,40,
208,1458,1458,,,1,82,22,
307,1459,1459,,,1,23,7,
300,1460,1460,,,1,114,97,
299,1461,1461,,,0,25,63,
295,1462,1462,,,0,68,20,
274,1463,1463,,,1,95,69,
168,1464,1464,,,1,134,65,
255,1465,1465,,,1,96,40,
25,1466,1466,,,0,132,93,
25,1467,1467,,,0,137,93,
307,1468,1468,,,1,55,7,
262,1469,1469,,,0,180,67,
264,1470,1470,,,1,93,94,
209,1471,1471,,,0,63,45,
23,1472,1472,,,1,53,36,
228,1473,1473,,,1,99,34,
284,1474,1474,,,0,98,70,
318,1475,1475,,,0,91,26,
168,1476,1476,,,1,86,65,
144,1477,1477,,,0,70,33,
253,1478,1478,,,0,70,62,
224,1479,1479,,,0,128,86,
180,1480,1480,,,0,141,43,
320,1481,1481,,,0,92,23,
337,1482,1482,,,1,101,47,
256,1483,1483,,,0,130,38,
326,1484,1484,,,0,19,75,
307,1485,1485,,,1,151,7,
209,1486,1486,,,0,82,45,
127,1487,1487,,,1,149,79,
249,1488,1488,,,0,87,28,
109,1489,1489,,,0,147,30,
249,1490,1490,,,0,85,28,
320,1491,1491,,,0,145,23,
341,1492,1492,,,1,171,52,
267,1493,1493,,,0,164,37,
255,1494,1494,,,1,97,40,
237,1495,1495,,,1,11,10,
19,1496,1496,,,1,150,25,
258,1497,1497,,,1,54,12,
275,1498,1498,,,1,27,51,
249,1499,1499,,,0,85,28,
271,1500,1500,,,1,44,58,
288,1501,1501,,,1,25,60,
341,1502,1502,,,1,64,52,
245,1503,1503,,,0,100,18,
19,1504,1504,,,1,118,25,
307,1505,1505,,,1,151,7,
22,1506,1506,,,0,144,73,
332,1507,1507,,,0,33,29,
319,1508,1508,,,0,120,90,
127,1509,1509,,,1,78,79,
316,1510,1510,,,1,24,6,
217,1511,1511,,,1,162,49,
171,1512,1512,,,1,73,72,
326,1513,1513,,,0,146,75,
168,1514,1514,,,1,138,65,
274,1515,1515,,,1,98,69,
325,1516,1516,,,1,76,17,
167,1517,1517,,,1,73,5,
244,1518,1518,,,1,74,1,
332,1519,1519,,,0,131,29,
341,1520,1520,,,1,113,52,
127,1521,1521,,,1,75,79,
318,1522,1522,,,0,70,26,
313,1523,1523,,,0,67,48,
127,1524,1524,,,1,149,79,
318,1525,1525,,,0,89,26,
259,1526,1526,,,0,64,8,
255,1527,1527,,,1,97,40,
245,1528,1528,,,0,139,18,
209,1529,1529,,,0,63,45,
307,1530,1530,,,1,110,7,
291,1531,1531,,,0,12,11,
330,1532,1532,,,1,51,41,
322,1533,1533,,,1,156,83,
208,1534,1534,,,1,63,22,
251,1535,1535,,,0,152,84,
295,1536,1536,,,0,111,20,
330,1537,1537,,,1,51,41,
259,1538,1538,,,0,9,8,
224,1539,1539,,,0,78,86,
255,1540,1540,,,1,120,40,
24,1541,1541,,,1,56,46,
255,1542,1542,,,1,29,40,
19,1543,1543,,,1,22,25,
171,1544,1544,,,1,78,72,
161,1545,1545,,,0,91,3,
209,1546,1546,,,0,90,45,
209,1547,1547,,,0,63,45,
25,1548,1548,,,0,137,93,
210,1549,1549,,,0,135,19,
168,1550,1550,,,1,138,65,
266,1551,1551,,,0,82,96,
186,1552,1552,,,0,40,24,
299,1553,1553,,,0,92,63,
237,1554,1554,,,1,140,10,
208,1555,1555,,,1,63,22,
171,1556,1556,,,1,15,72,
259,1557,1557,,,0,113,8,
295,1558,1558,,,0,118,20,
289,1559,1559,,,0,173,91,
341,1560,1560,,,1,171,52,
258,1561,1561,,,1,180,12,
249,1562,1562,,,0,6,28,
318,1563,1563,,,0,70,26,
224,1564,1564,,,0,78,86,
290,1565,1565,,,1,124,35,
217,1566,1566,,,1,21,49,
341,1567,1567,,,1,9,52,
245,1568,1568,,,0,100,18,
290,1569,1569,,,1,111,35,
295,1570,1570,,,0,22,20,
295,1571,1571,,,0,27,20,
243,1572,1572,,,1,122,95,
249,1573,1573,,,0,43,28,
304,1574,1574,,,1,10,71,
341,1575,1575,,,1,9,52,
233,1576,1576,,,1,67,4,
314,1577,1577,,,1,2,32,
208,1578,1578,,,1,26,22,
249,1579,1579,,,0,43,28,
180,1580,1580,,,0,141,43,
337,1581,1581,,,1,10,47,
22,1582,1582,,,0,42,73,
266,1583,1583,,,0,87,96,
258,1584,1584,,,1,166,12,
209,1585,1585,,,0,26,45,
127,1586,1586,,,1,3,79,
186,1587,1587,,,0,40,24,
318,1588,1588,,,0,38,26,
259,1589,1589,,,0,171,8,
128,1590,1590,,,0,73,68,
304,1591,1591,,,1,39,71,
295,1592,1592,,,0,14,20,
208,1593,1593,,,1,93,22,
127,1594,1594,,,1,5,79,
237,1595,1595,,,1,174,10,
25,1596,1596,,,0,56,93,
18,1597,1597,,,0,28,13,
337,1598,1598,,,1,177,47,
217,1599,1599,,,1,135,49,
280,1600,1600,,,0,35,14,
275,1601,1601,,,1,14,51,
318,1602,1602,,,0,87,26,
270,1603,1603,,,1,122,101,
161,1604,1604,,,0,30,3,
258,1605,1605,,,1,166,12,
313,1606,1606,,,0,89,48,
233,1607,1607,,,1,43,4,
167,1608,1608,,,1,94,5,
171,1609,1609,,,1,93,72,
31,1610,1610,,,1,125,85,
274,1611,1611,,,1,98,69,
18,1612,1612,,,0,28,13,
233,1613,1613,,,1,87,4,
341,1614,1614,,,1,64,52,
160,1615,1615,,,0,86,88,
209,1616,1616,,,0,63,45,
291,1617,1617,,,0,126,11,
242,1618,1618,,,1,91,76,
259,1619,1619,,,0,113,8,
293,1620,1620,,,0,51,81,
147,1621,1621,,,1,94,55,
268,1622,1622,,,1,87,78,
284,1623,1623,,,0,106,70,
232,1624,1624,,,0,48,44,
151,1625,1625,,,1,91,50,
255,1626,1626,,,1,89,40,
259,1627,1627,,,0,64,8,
323,1628,1628,,,0,18,42,
321,1629,1629,,,0,156,89,
128,1630,1630,,,0,82,68,
297,1631,1631,,,0,112,61,
249,1632,1632,,,0,67,28,
275,1633,1633,,,1,150,51,
258,1634,1634,,,1,168,12,
255,1635,1635,,,1,4,40,
290,1636,1636,,,1,27,35,
332,1637,1637,,,0,131,29,
275,1638,1638,,,1,111,51,
127,1639,1639,,,1,82,79,
68,1640,1640,,,1,181,87,
233,1641,1641,,,1,43,4,
241,1642,1642,,,1,67,54,
224,1643,1643,,,0,78,86,
18,1644,1644,,,0,68,13,
19,1645,1645,,,1,119,25,
253,1646,1646,,,0,30,62,
315,1647,1647,,,0,94,2,
301,1648,1648,,,0,155,100,
249,1649,1649,,,0,43,28,
114,1650,1650,,,1,77,80,
19,1651,1651,,,1,119,25,
167,1652,1652,,,1,5,5,
144,1653,1653,,,0,91,33,
167,1654,1654,,,1,143,5,
22,1655,1655,,,0,144,73,
180,1656,1656,,,0,170,43,
292,1657,1657,,,1,25,66,
180,1658,1658,,,0,8,43,
288,1659,1659,,,1,41,60,
280,1660,1660,,,0,163,14,
267,1661,1661,,,0,164,37,
324,1662,1662,,,1,81,16,
301,1663,1663,,,0,125,100,
323,1664,1664,,,0,18,42,
171,1665,1665,,,1,93,72,
144,1666,1666,,,0,87,33,
275,1667,1667,,,1,68,51,
18,1668,1668,,,0,150,13,
180,1669,1669,,,0,151,43,
319,1670,1670,,,0,120,90,
210,1671,1671,,,0,62,19,
233,1672,1672,,,1,85,4,
318,1673,1673,,,0,96,26,
293,1674,1674,,,0,127,81,
307,1675,1675,,,1,110,7,
161,1676,1676,,,0,73,3,
289,1677,1677,,,0,11,91,
326,1678,1678,,,0,172,75,
233,1679,1679,,,1,85,4,
275,1680,1680,,,1,46,51,
307,1681,1681,,,1,23,7,
241,1682,1682,,,1,91,54,
244,1683,1683,,,1,1,1,
128,1684,1684,,,0,103,68,
19,1685,1685,,,1,119,25,
253,1686,1686,,,0,103,62,
250,1687,1687,,,1,70,56,
210,1688,1688,,,0,162,19,
209,1689,1689,,,0,63,45,
289,1690,1690,,,0,11,91,
341,1691,1691,,,1,171,52,
114,1692,1692,,,1,77,80,
319,1693,1693,,,0,29,90,
25,1694,1694,,,0,56,93,
275,1695,1695,,,1,16,51,
318,1696,1696,,,0,30,26,
19,1697,1697,,,1,22,25,
299,1698,1698,,,0,153,63,
151,1699,1699,,,1,70,50,
160,1700,1700,,,0,138,88,
324,1701,1701,,,1,18,16,
18,1702,1702,,,0,84,13,
259,1703,1703,,,0,64,8,
147,1704,1704,,,1,15,55,
318,1705,1705,,,0,89,26,
307,1706,1706,,,1,141,7,
262,1707,1707,,,0,168,67,
307,1708,1708,,,1,151,7,
280,1709,1709,,,0,66,14,
233,1710,1710,,,1,6,4,
335,1711,1711,,,1,36,39,
240,1712,1712,,,1,128,59,
244,1713,1713,,,1,74,1,
292,1714,1714,,,1,153,66,
305,1715,1715,,,0,58,103,
255,1716,1716,,,1,102,40,
147,1717,1717,,,1,103,55,
275,1718,1718,,,1,66,51,
18,1719,1719,,,0,84,13,
280,1720,1720,,,0,35,14,
332,1721,1721,,,0,131,29,
290,1722,1722,,,1,22,35,
304,1723,1723,,,1,177,71,
